9643550938
9625634004
9988281580
9999060506
8077857401
8447337133
8077857401
8447337133
9818893173
8521616870
9810162368
9330904990
9211203561
9582020707
9958018485
8076736963
9050960093
7982639551
9763726744
9871571428
8218708025
7003294658
8586834850
9113727590
7888897008
7654635742
8677917461
9818866072
8700318796
6383524822
7488549720
7011917051
7739868799
9817680499
9470225919
8800188225
7678274113
9999670041
1244214907
9871038676
7718955557
8505999224
7678409267
6363235262
9811210579
9040355412
9625529116
7088778855
8920109245
9315778742
8824945518
1569602436
8210143621
9852923895
9049542768
9471005603
8595543286
8826441117
9711996971
9835686622
6201160561
9971038930
7667427572
8986481245
9560258458
7033965820
9711869708
9773922595
8882746347
9899732297
7003842407
9310147727
7065001137
7004158421
7004777600
9708299572
7519272422
9891833857
8076712802
9811444047
8541057320
9810620803
7678300826
8527587135
9717744149
9832178944
9820924139
7048959760
9304472989
9805047879
8376914946
8210545976
9311731636
7874444024
9818297572
7042024344
8146534806
7903224723
7889032817
9654785784
9968347725
6201211536
6202961314
6205372410
6206217946
6206263529
6207610250
6254230979
6290408267
7004603660
7011820471
7015739220
7023398232
7042024339
7042297998
7042546929
7053844825
7060645864
7088496405
7210917496
7250885847
7258035026
7259866644
7292036956
7298992302
7304826691
7307234686
7367919523
7379888945
7428018271
7428829971
7428829976
7428997275
7439512073
7503214587
7503520584
7503595334
7506641860
7506731769
7607168200
7651901836
7710039942
7717740314
7739516548
7755915992
7757862169
7781057210
7827691806
7827731586
7836080249
7838151520
7838151535
7838151583
7838203545
7874762001
7877778893
7903323255
7908649653
7940059605
7982006071
7982337758
7982705840
7982752006
7982770796
7992386888
8002945921
8010133019
8013688692
8050190078
8051022676
8067602868
8067873002
8076171869
8100419201
8108249732
8127890538
8130027794
8130152152
8130330608
8130522579
8130559777
8130825360
8146257212
8178044614
8210902024
8210907505
8250388317
8279990876
8287296504
8287493226
8292864815
8300053557
8335079374
8368210631
8368632920
8368662072
8368836521
8377906694
8390962230
8395989721
8447225646
8447513810
8447715695
8447756002
8448867201
8467914585
8469708716
8501059460
8510099742
8527113381
8527263873
8527301824
8527589851
8527597050
8527597088
8553607763
8586042554
8586969877
8588824202
8595054059
8617203598
8619649958
8697487184
8700984461
8750525436
8750695503
8757915177
8777473200
8797949645
8800114577
8800296027
8802700830
8802980118
8810544183
8810634124
8816893480
8825197897
8826017149
8826028125
8826179861
8826703740
8826921446
8826941907
8826981808
8853885658
8859787527
8860075577
8860194116
8860446141
8860629204
8870815917
8877454513
8879180022
8879373223
8882123027
8882267567
8882603023
8887568147
8910467253
8920911880
8949071972
8960504987
8969176035
8976951432
8978147880
8978746012
8979862324
8981880354
8981958896
9003577447
9008715682
9013168999
9013262654
9013262755
9015027009
9015153071
9015851720
9023702167
9030083497
9031013407
9031668772
9044519292
9047048444
9050006727
9060502473
9065089074
9071345653
9082683642
9102958413
9102986229
9110971634
9135625841
9135777553
9149327856
9154191831
9161865211
9162092543
9162650511
9163092778
9163362217
9167038513
9167130937
9167410782
9167911333
9172987647
9205274011
9205437287
9210064692
9210064693
9212370163
9212475603
9213417159
9213881316
9215287748
9241194034
9250969501
9266573258
9268379193
9300819334
9304108240
9308545033
9310248929
9310382293
9310909560
9311669646
9311841037
9312481081
9312811446
9312906664
9313139541
9313204302
9313631793
9318348006
9330904989
9330907520
9334918256
9350007481
9350133741
9350372641
9350658774
9350868273
9354291168
9389742361
9430954687
9431285564
9431873952
9454936028
9461113754
9462797012
9466057097
9468267711
9468886560
9472203760
9472525294
9473210271
9473285885
9473333060
9504237656
9507021426
9507959877
9513426748
9534095342
9540071140
9541577072
9546686379
9555033946
9555137521
9555927129
9556668153
9560037881
9560598757
9560667202
9560900711
9561462103
9576317095
9582229851
9582648349
9582807425
9582901496
9599138290
9599657164
9599771526
9608774280
9625202605
9638666678
9650052081
9650057819
9650925342
9651132213
9654100148
9654196076
9654353642
9654491339
9654500022
9667606978
9670344002
9699955450
9708231038
9709818965
9711074495
9711204173
9711310192
9711350310
9711716163
9711860507
9711868694
9711909582
9711918453
9711962897
9716394143
9716437922
9716440031
9716832128
9716832328
9716837025
9717200318
9717248070
9717278958
9717937730
9718165961
9718302335
9718416738
9718525388
9718606784
9718665900
9718807775
9718959604
9724398308
9727043818
9741092864
9748343295
9755907490
9756209139
9769525991
9771039680
9773719643
9773750303
9773780435
9779495689
9780011838
9781785921
9791162505
9810149886
9810180661
9810227226
9810289530
9810292389
9810837087
9810989480
9811167993
9811227724
9811256375
9811352651
9811412400
9811515496
9811662546
9811668137
9811687662
9811771246
9811852508
9811858443
9818235019
9818357195
9818376329
9818456992
9818501935
9818532037
9818682892
9819629968
9833425565
9833945577
9835433733
9841150615
9864152415
9866574595
9868052847
9868327609
9868647202
9870571670
9871038676
9871099727
9871143605
9871188953
9871291662
9871358373
9871379430
9871530441
9871645968
9871760339
9871779897
9871810629
9871898861
9873197880
9873256559
9873300490
9873400934
9873569511
9873608629
9873637375
9873736785
9873788497
9873832557
9884090939
9885301865
9891189012
9891440934
9891563965
9891666428
9891849678
9891861136
9891881995
9891959268
9892396769
9899025502
9899034509
9899201415
9899915195
9899936163
9899987331
9910035755
9910072297
9910076570
9910356677
9910481579
9910485718
9910532148
9910668757
9910710077
9910711094
9910880598
9910896549
9910909386
9911183871
9911329233
9911666871
9911781096
9911796458
9911855337
9911926072
9911939446
9915262475
9920031981
9929001119
9930080529
9930665533
9931025492
9934488296
9934742080
9953103093
9953147600
9953157071
9953527085
9958019990
9958066386
9958106362
9958199958
9958293285
9958370326
9958682344
9958682359
9958920650
9961044247
9968379193
9968561220
9968632598
9968788865
9971018874
9971041266
9971124569
9971130069
9971339131
9971376321
9971690612
9971806153
9971991746
9984134445
9990031561
9990597007
9990827467
9990887762
9993722930
9999058504
9999113868
9999146479
9999203502
9999325149
9999375733
9999384138
9999384762
9999801246
9999802603
9999838176
9999935372
9999978369
9999987825
2544788793
9959822002
5453023282
#VALUE!
#VALUE!
7762478905
1149822017
1409247005
2242514574
6201633791
6202791593
6204715847
6205105912
6209362304
6299543047
6398417049
6399808980
7003377308
7004899977
7009057101
7011152520
7011382648
7011906878
7011916689
7014809127
7018161918
7021929751
7027284797
7033003125
7042383805
7042186957
7042322277
7042814021
7044064774
7045656764
7050787880
7053411983
7065410900
7065650952
7073745746
7079593332
7209204502
7217886082
7231071242
7255046572
7258049826
7300069192
7303450523
7337359774
7351737275
7352033045
7352928701
7366062465
7369984123
7418926647
7428660196
7448332889
7462887698
7479878035
7488034588
7493965849
7503649945
7599122017
7500335457
7503040588
7503348007
7507770087
7507857517
7546998890
7549017147
7549963223
7564981596
7619550075
7678663638
7739244887
7739977468
7782828208
7739025658
7760015102
7760088300
7786962283
7874708160
7827471056
7827540320
7827675982
7827712114
7838033699
7838869498
7857825097
7870012693
7872686812
7877696923
7891302888
7892285012
7903165760
7903773190
7909039837
7979027534
7979027534
7982754555
7908649653
7979762379
7988653387
7999999727
8033420302
8050459859
8084301290
8007903428
8008077183
8010063771
8010578961
8010614046
8010627156
8050232372
8059832731
8083667696
8097338897
8130895220
8130943620
8108007121
8126649174
8130012372
8130115958
8130226226
8130268226
8130672774
8142249834
8168836506
8178007426
8178405641
8178567621
8178710336
8178892094
8178909792
8197895733
8199914071
8209656596
8207686914
8210065518
8210776517
8210733344
8228957870
8233334484
8240242934
8240880139
8249878536
8271787880
8285812705
8287959730
8292357757
8294819102
8299405152
8368232394
8368025254
8368338635
8375049725
8375068205
8376928888
8383939958
8392958413
8471045677
8420934644
8447120825
8447296355
8447322096
8447619998
8448083936
8448246357
8448345116
8448380538
8448486106
8448896104
8454024468
8527490204
8527698987
8505938729
8505957776
8521318839
8522051500
8527799781
8540900012
8578875898
8585954475
8588031913
8588818270
8588872032
8595459758
8617033477
8651691660
8657606279
8797840677
8700064147
8700224244
8700681009
8722224780
8722423837
8744057736
8745010012
8766204604
8766353635
8777713592
8789174657
8789502562
8789680149
8792141359
8797016431
8800745260
8802292430
8873459572
8894348649
8800495088
8802106894
8802918904
8810354086
8825101460
8825166862
8826036610
8826349570
8826358890
8826367391
8826500804
8826701141
8826743217
8848019593
8850220642
8851051662
8860441468
8860704321
8860849365
8861053652
8877734705
8877777304
8882080204
8888822342
8898930006
8950701449
8920736929
8923382494
8929889334
8961613229
8975459344
9000200803
9006575750
9008721135
9038914532
9000540937
9004858590
9006019146
9006133224
9006540493
9008746257
9013496392
9015278550
9015308524
9015430214
9015486109
9015652506
9017784490
9034020209
9038237377
9052393913
9064352906
9065240426
9069838148
9083775976
9128638094
9100574446
9113434386
9118593483
9123470813
9135465732
9135545993
9137161600
9145177712
9154996753
9164893814
9168337668
9170749303
9182082549
9212433892
9205224166
9205659563
9205687966
9205928952
9210334417
9211419395
9211635503
9262368323
9310092527
9313887066
9304409117
9304681252
9306141481
9310234603
9310271474
9310380575
9311214510
9312468532
9313333456
9315153004
9318426839
9350040947
9350173037
9350340038
9354624586
9354994766
9355086534
9411402260
9430210234
9473433242
9409600132
9410099002
9416078990
9416781402
9425024661
9430951073
9431208890
9431275485
9431663676
9435599602
9441007019
9441224092
9444423797
9454736723
9456800857
9466730052
9467516180
9470091100
9488460993
9504497936
9555674175
9560076132
9560331390
9560983834
9566222786
9576315737
9582133895
9582476032
9525046852
9534917854
9535038915
9535611624
9538716446
9540058725
9540248066
9540411388
9540517598
9546098505
9546381724
9546381724
9551012309
9554666797
9555487706
9555638006
9555719998
9555738710
9560077338
9560240754
9560245389
9560508288
9560538364
9560543051
9560613292
9560745474
9560849238
9560919901
9561983111
9570420606
9571764502
9582025113
9582092805
9582097819
9582100988
9582462012
9582724793
9582799404
9585425272
9590831664
9595692013
9599010166
9599051017
9599159471
9599311573
9599409946
9599437126
9599480429
9599550885
9599832102
9618888261
9619374136
9619426717
9632679844
9650268282
9654426197
9600154312
9619914180
9620126781
9620886104
9631608824
9643047892
9643260308
9648904149
9650010494
9650034919
9650044494
9650149671
9650240232
9650311011
9650350683
9650516213
9650565224
9650585563
9650619102
9654073315
9654316562
9654331185
9654378159
9654458664
9654607839
9654613502
9654856375
9655645966
9658692123
9661250374
9661819403
9664358525
9664871091
9667173278
9667223281
9667696318
9686685510
9686819579
9699852354
9711333238
9711548383
9716511268
9787476889
9700292581
9703936140
9708010522
9708064897
9711059351
9711106911
9711196481
9711269240
9711379729
9711396062
9711466008
9711491916
9711596327
9716412513
9716960842
9717055885
9717177490
9717431805
9717479631
9717493243
9717499982
9717569151
9718002230
9718009376
9718164610
9720957871
9729314565
9729682230
9729745767
9739288813
9741461401
9741588068
9759828848
9771418951
9773911406
9810080725
9810280754
9810774503
9860980021
9871289268
9873185527
9873431848
9876795802
9883005724
9899201586
9899586408
9801466780
9808484335
9810039698
9810278027
9810504011
9810636127
9810707985
9810897605
9810961502
9810994199
9811030258
9811131259
9811132963
9811458696
9811475768
9811555992
9811559891
9811644871
9811699022
9811705623
9811819576
9811869757
9811884924
9811977879
9818003791
9818113342
9818294702
9818460140
9818601214
9818850745
9818943914
9819083638
9819375155
9819574702
9820218024
9820295924
9821458816
9826134766
9830837113
9831471046
9831542672
9850298863
9852002809
9853008385
9868433880
9868902278
9871009222
9871117045
9871555301
9871650121
9871731464
9871850580
9873109025
9873272406
9873383825
9873525339
9873644559
9873780632
9873827725
9873878023
9873895466
9878050059
9878335115
9884427853
9890552610
9891173792
9891261267
9891282886
9891335009
9891480430
9892707532
9899133801
9899166579
9899192267
9899198029
9899205019
9899266465
9899514913
9899835031
9899887446
9910097551
9910101449
9910554762
9930080495
9934886853
9952283172
9953094593
9953435504
9953666971
9958261816
9958504312
9971444649
9971777977
9971910453
9971971040
9980094602
9999110071
9999372779
9999650077
9999705578
9999913193
9903898461
9905499756
9910027278
9910161690
9910385869
9910446919
9910668222
9910701921
9910724313
9910883126
9910936264
9911025757
9911565593
9911683238
9911836303
9911843006
9916792076
9920597529
9924501618
9929962412
9930746175
9931262533
9931877761
9934286549
9934815665
9945694423
9949548514
9952940619
9952952971
9953559108
9953822464
9953898551
9955388750
9958166996
9958185587
9958266341
9958528253
9958605368
9962534043
9966137941
9968322935
9968475486
9968770312
9971001320
9971357081
9971593453
9971602653
9971781901
9971897713
9971900501
9971988765
9972407752
9979340620
9981991657
9987976088
9990114823
9990214794
9990245418
9990616721
9990660731
9990699496
9990716070
9990967815
9991180926
9992266157
9993150192
9994760042
9995236671
9999003727
9999089334
9999182772
9999200861
9999331175
9999355689
9999380186
9999393923
9999553388
9999605505
9999639191
9999762985
9999780468
9999783636
9999872305
9999911890
6596356886
9910641413
9334545205
9810845398
7042112624
8171156113
8218027603
6201783706
6202103248
6204353365
6205881075
6283095505
6290979374
6392644726
7011917292
7042656659
7045542274
7050389570
7050961527
7054760303
7060702505
7061042222
7065255642
7065555975
7070812601
7087213036
7101535311
7101539403
7230091828
7250322535
7250322535
7256036138
7277704758
7289910351
7303238885
7303896936
7310101046
7352067319
7352851866
7405188658
7503030054
7503227369
7503438108
7503508681
7550487285
7562983434
7564862713
7654413662
7654635742
7654728134
7668635091
7678182946
7678253732
7678281043
7693077103
7696328435
7698008075
7718888422
7739140577
7764857752
7765026424
7827675982
7827765071
7827778730
7829060323
7829647861
7836010456
7838000792
7838113385
7838151503
7838151529
7838151537
7838151539
7838151542
7838151546
7838151548
7838151549
7838185725
7838858891
7838998332
7856023174
7888896914
7903148397
7903345942
7973947569
7979077371
7979951054
7980745063
8002948970
8010038197
8010224640
8010288271
8054705263
8067602869
8076736336
8083851693
8116425419
8130623557
8130906767
8178417818
8178487846
8210787271
8210853653
8210951188
8218716991
8222911719
8285677720
8286602643
8287278457
8294390097
8294961213
8295511946
8373909445
8375866971
8375886702
8376030399
8376889457
8401253849
8447021121
8447091010
8447197009
8447759985
8454041316
8460460937
8527412224
8527592966
8585946769
8586970936
8587021312
8587843535
8588828920
8588991425
8603812871
8700494627
8707619094
8709086375
8709271316
8709477863
8709578535
8745091258
8745856037
8750317323
8750595100
8800117766
8800214218
8800261703
8800264754
8800409099
8800755594
8802078584
8802871283
8804841956
8816933085
8823610007
8825398661
8826499235
8826555340
8826617111
8826620103
8826706080
8826713288
8826924345
8826976979
8860270823
8860379990
8860986158
8861201687
8861655035
8882186033
8882238406
8882244490
8882591657
8887893130
8888888890
8955939014
8958890172
9000420935
9004591618
9004877740
9006339452
9006427082
9006543885
9006543912
9006707719
9006943859
9013151517
9015197451
9015687036
9015751980
9026126779
9030478712
9031506726
9038605754
9062206485
9097062463
9097551528
9125308993
9140077381
9140343935
9155447303
9161655168
9162199607
9162281156
9162460001
9167216805
9176187874
9199333880
9199482411
9199691355
9199727360
9199865933
9205924919
9210091193
9211391510
9211639876
9212074880
9212263797
9212372376
9212379193
9250135760
9266149218
9267988475
9268449086
9304630304
9304859847
9308114553
9308778802
9310039102
9311114802
9311497305
9312655955
9312852607
9313038328
9313056169
9313096102
9313592516
9315006007
9315341181
9319574126
9324628268
9334508124
9334736837
9350313297
9350380942
9350593507
9350625315
9354970595
9412087281
9412854988
9415769337
9430833943
9431252518
9431262541
9431601402
9447780729
9455426760
9460133975
9470453175
9472299918
9472631497
9472905892
9472961235
9504363526
9504854181
9523654835
9534322215
9538889844
9540016133
9540490979
9540611467
9540723615
9540928564
9546046946
9546962680
9550240417
9555223347
9558800002
9560001098
9560027881
9560062741
9560093148
9560145110
9560311390
9560423732
9560515143
9560710182
9570348950
9582224301
9582261193
9582261524
9582398992
9582482584
9582768459
9582772972
9594002000
9596605332
9598070431
9599493343
9599756527
9606387746
9608959027
9619256638
9619895291
9643300655
9643553661
9643706622
9646940418
9650044494
9650085784
9650100334
9650106558
9650615890
9650726448
9650837952
9650844350
9650844351
9650852937
9654452998
9654572850
9654700296
9661127568
9666483877
9711048680
9711114699
9711511577
9711531782
9711543653
9711918408
9711996468
9712838983
9716811119
9717090977
9717292627
9717485996
9717597507
9717617461
9717681769
9717688492
9717689440
9717744149
9717771272
9717774976
9717774977
9718191179
9718745688
9721852406
9727006890
9731509086
9742810705
9748731057
9753510390
9756987889
9766645670
9768121343
9769729412
9771925974
9784434999
9785182835
9790933679
9794624772
9801677672
9808516451
9810007953
9810128224
9810132592
9810175434
9810213867
9810213959
9810214638
9810270498
9810301654
9810379457
9810408308
9810474826
9810506829
9810509277
9810544508
9810603922
9810629803
9810659903
9810686483
9810695029
9810779893
9810810726
9810886360
9810920388
9810926435
9810927238
9810975790
9811021733
9811051159
9811091600
9811141067
9811146864
9811211911
9811222703
9811277242
9811306581
9811441266
9811445790
9811526748
9811907877
9813490919
9818036492
9818128921
9818140451
9818144166
9818177239
9818186399
9818243033
9818291340
9818321155
9818372557
9818505647
9818531355
9818599730
9818664450
9818671865
9818693576
9818813865
9818821587
9818844909
9820338582
9831763457
9852428191
9852923895
9854027757
9858673997
9868039036
9868472027
9868742185
9871009035
9871044052
9871073928
9871092213
9871144156
9871161286
9871341260
9871343894
9871551714
9871715914
9871718882
9871799179
9871891983
9871900640
9871996353
9872009519
9873115111
9873161078
9873444041
9873585909
9873623867
9873678375
9873692886
9873830949
9873873350
9873891210
9873938883
9873961593
9886238030
9886240595
9886614365
9887000136
9891059302
9891079958
9891125043
9891147601
9891222323
9891420418
9891520788
9891612251
9891635781
9891938134
9892586582
9896012347
9899004444
9899028673
9899114814
9899131773
9899229382
9899294586
9899298370
9899354709
9899409197
9899510496
9899583285
9899607529
9899811793
9899839368
9899968384
9905356390
9909018086
9910046507
9910139457
9910206870
9910236794
9910240921
9910385882
9910385926
9910392405
9910437921
9910634090
9910932154
9911162442
9911278092
9911329841
9911364376
9911387749
9911777774
9911795040
9911797940
9911828245
9911942405
9916329207
9920113977
9920639988
9920778511
9930517400
9930600287
9931965947
9931973034
9934297604
9934499576
9934675596
9934792832
9934828843
9936421779
9939098239
9939191050
9939384507
9939719399
9948080398
9952337790
9953066135
9953246385
9953323229
9953392135
9953527085
9953591815
9953796701
9953820295
9953948200
9953950349
9955263869
9955957524
9958066386
9958096738
9958135639
9958141829
9958157982
9958221211
9958290461
9958297168
9958312184
9958360868
9958505850
9958850577
9958894105
9967291601
9968823140
9968922841
9971132214
9971181796
9971209939
9971271404
9971295304
9971372971
9971449452
9971461732
9971474110
9973241417
9986759192
9990096271
9990197971
9990381571
9990457464
9990511720
9990546449
9990548491
9990663050
9990712484
9990736806
9990750603
9999007666
9999075910
9999169738
9999224263
9999237385
9999270928
9999498063
9999711530
9999830492
9999831945
8291102260
6592384602
1142255305
1142255375
1143938309
1242332558
1244076263
1244076477
2035953895
2261374417
7011600326
7033025341
7061188429
7210954791
7250100094
7277820782
7289910351
7338448970
7488964817
7506716533
7503479893
7530915955
7665570849
7739140577
7720020345
7739279223
7838397437
7992281322
8002059659
8002871847
8010327434
8010482998
8076850751
8095181639
8130176378
8178700245
8238884192
8233367000
8278161092
8285856530
8298280302
8308342354
8368553483
8373900736
8471010722
8433181108
8447624752
8527023289
8527109346
8743025318
8769942427
8709226350
8744032969
8826469779
8826860607
8878977801
8882817384
8800140193
8800591860
8800663947
8802767948
8826115255
8826353324
8858115117
8858584943
8860513011
8860563332
8861959979
8970552995
9006194435
9015623976
9022224443
9035039893
9035803486
9135033810
9130163721
9167204162
9175282515
9199483297
9210003542
9212056698
9212497783
9212512450
9213022903
9310631957
9314228636
9350340038
9310677970
9311414291
9312217069
9350128948
9350233912
9350986970
9389279745
9416796068
9454417511
9430942305
9431000559
9466359608
9468007245
9473953930
9540273634
9560026288
9582869670
9587312543
9504702547
9540730307
9540954938
9540989872
9549657044
9560341332
9560955016
9599045318
9643949495
9650213419
9650986605
9654000430
9654115912
9654411899
9661109432
9661733251
9711777464
9771278890
9785693965
9711662136
9717954977
9718349641
9739288813
9769980884
9781703921
9810650308
9810712355
9811750558
9818109500
9820232726
9873414586
9891499103
9801856790
9810436747
9810523092
9810651916
9811047891
9811719908
9818533120
9820263681
9821333318
9852585509
9871297830
9871322414
9871563183
9875649068
9886435947
9886719865
9891063697
9891286007
9891320079
9891984663
9910655646
9942469214
9971753766
9989751560
9990753680
9901366616
9905180301
9910046847
9910165247
9910641413
9911994157
9923332229
9934471607
9934616608
9934991762
9939923271
9953994165
9958021425
9970422701
9971022346
9971106813
9990005411
9991004184
9999027532
9999496357
9999551566
9999727536
9999987965
1234567892
4071320358
6209407993
7011339986
7027566535
7045473772
7050700196
7079947964
7303259797
7349389106
7619947549
7903444403
7979775168
8076128688
8102259093
8130811552
8271180105
8477814952
8492852808
8709727310
8873043309
8802173372
8826340822
8860009986
8860334456
8941007574
8986240703
9012884446
9081003433
9164719844
9205189495
9205922828
9217165642
9263746226
9310008557
9312708103
9315725210
9358815662
9414464857
9430073620
9565616176
9582142586
9599384350
9650272225
9708651110
9711210018
9711549092
9716986192
9717544494
9728111430
9760747585
9811566728
9811587975
9871094181
9811681573
9818431412
9818477123
9891894338
9897411092
9897610339
9899971720
9931200708
9910124478
9953770571
9958716546
9971771531
9994833175
9334545205
6290314233
6290812009
6307855286
7004439314
7004532049
7004870706
7009171079
7011009908
7011120352
7011543732
7016454716
7042092152
7042112624
7053282366
7065174038
7255806028
7278729274
7352778541
7372006310
7559793193
7676602693
7739911053
7765015562
7838091206
7903214436
7906656851
7979027534
7979027534
7979784975
7982325679
7982327600
7982459416
7982687418
7995465366
8009265570
8076686730
8102453650
8140509935
8169948566
8171156113
8208023261
8218027603
8265861445
8269832313
8271371461
8287008486
8287164032
8287277114
8287926844
8291102260
8340199706
8340239876
8340534801
8377908160
8383904882
8420067279
8447694244
8448083921
8521360001
8527592966
8588961125
8595844635
8609161302
8617203598
8700609764
8700713863
8743871326
8750517189
8750553890
8789278333
8789527840
8800123026
8800313572
8800770069
8802529269
8826207078
8826941907
8851767868
8877806305
8896263395
8920045999
8920047657
9031932602
9076647302
9102142305
9113367456
9136234319
9199303558
9205400152
9210308713
9220239899
9262204367
9319303314
9334545205
9345530375
9430517360
9452444868
9453588333
9464318593
9470637715
9472054185
9472961234
9472961238
9473145830
9501473781
9503458967
9506411735
9525652726
9546381724
9546381724
9555195554
9560861033
9569539950
9582693061
9599560233
9599680957
9610956427
9628459068
9643254201
9650276758
9650619836
9650758726
9650924207
9661010638
9661215149
9675221640
9708073311
9711468399
9716437922
9717935469
9718519446
9718698812
9758034887
9784434999
9810659903
9810845398
9810927238
9811662546
9811961298
9817475163
9818235019
9818361530
9818468085
9818661720
9818742989
9836636143
9871358373
9886435947
9899266256
9899813804
9899987331
9905034175
9905159947
9910206870
9910810721
9916532968
9934692304
9935099415
9941120679
9958677303
9971603897
9971777977
9971777977
9974840596
9999027530
9999354919
7042592173
7291971390
8505933062
8986233061
9560515143
9570864555
9636309625
9971777977
9715454050
9643550937
9625634003
9988281579
9999060505
8077857400
8447337132
8077857400
8447337132
9818893172
8521616869
9810162367
9330904989
9211203560
9582020706
9958018484
8076736962
9050960092
7982639550
9763726743
9871571427
8218708024
7003294657
8586834849
9113727589
7888897007
7654635741
8677917460
9818866071
8700318795
6383524821
7488549719
7011917050
7739868798
9817680498
9470225918
8800188224
7678274112
9999670040
1244214906
9871038675
7718955556
8505999223
7678409266
6363235261
9811210578
9040355411
9625529115
7088778854
8920109244
9315778741
8824945517
1569602435
8210143620
9852923894
9049542767
9471005602
8595543285
8826441116
9711996970
9835686621
6201160560
9971038929
7667427571
8986481244
9560258457
7033965819
9711869707
9773922594
8882746346
9899732296
7003842406
9310147726
7065001136
7004158420
7004777599
9708299571
7519272421
9891833856
8076712801
9811444046
8541057319
9810620802
7678300825
8527587134
9717744148
9832178943
9820924138
7048959759
9304472988
9805047878
8376914945
8210545975
9311731635
7874444023
9818297571
7042024343
8146534805
7903224722
7889032816
9654785783
9968347724
6201211535
6202961313
6205372409
6206217945
6206263528
6207610249
6254230978
6290408266
7004603659
7011820470
7015739219
7023398231
7042024338
7042297997
7042546928
7053844824
7060645863
7088496404
7210917495
7250885846
7258035025
7259866643
7292036955
7298992301
7304826690
7307234685
7367919522
7379888944
7428018270
7428829970
7428829975
7428997274
7439512072
7503214586
7503520583
7503595333
7506641859
7506731768
7607168199
7651901835
7710039941
7717740313
7739516547
7755915991
7757862168
7781057209
7827691805
7827731585
7836080248
7838151519
7838151534
7838151582
7838203544
7874762000
7877778892
7903323254
7908649652
7940059604
7982006070
7982337757
7982705839
7982752005
7982770795
7992386887
8002945920
8010133018
8013688691
8050190077
8051022675
8067602867
8067873001
8076171868
8100419200
8108249731
8127890537
8130027793
8130152151
8130330607
8130522578
8130559776
8130825359
8146257211
8178044613
8210902023
8210907504
8250388316
8279990875
8287296503
8287493225
8292864814
8300053556
8335079373
8368210630
8368632919
8368662071
8368836520
8377906693
8390962229
8395989720
8447225645
8447513809
8447715694
8447756001
8448867200
8467914584
8469708715
8501059459
8510099741
8527113380
8527263872
8527301823
8527589850
8527597049
8527597087
8553607762
8586042553
8586969876
8588824201
8595054058
8617203597
8619649957
8697487183
8700984460
8750525435
8750695502
8757915176
8777473199
8797949644
8800114576
8800296026
8802700829
8802980117
8810544182
8810634123
8816893479
8825197896
8826017148
8826028124
8826179860
8826703739
8826921445
8826941906
8826981807
8853885657
8859787526
8860075576
8860194115
8860446140
8860629203
8870815916
8877454512
8879180021
8879373222
8882123026
8882267566
8882603022
8887568146
8910467252
8920911879
8949071971
8960504986
8969176034
8976951431
8978147879
8978746011
8979862323
8981880353
8981958895
9003577446
9008715681
9013168998
9013262653
9013262754
9015027008
9015153070
9015851719
9023702166
9030083496
9031013406
9031668771
9044519291
9047048443
9050006726
9060502472
9065089073
9071345652
9082683641
9102958412
9102986228
9110971633
9135625840
9135777552
9149327855
9154191830
9161865210
9162092542
9162650510
9163092777
9163362216
9167038512
9167130936
9167410781
9167911332
9172987646
9205274010
9205437286
9210064691
9210064692
9212370162
9212475602
9213417158
9213881315
9215287747
9241194033
9250969500
9266573257
9268379192
9300819333
9304108239
9308545032
9310248928
9310382292
9310909559
9311669645
9311841036
9312481080
9312811445
9312906663
9313139540
9313204301
9313631792
9318348005
9330904988
9330907519
9334918255
9350007480
9350133740
9350372640
9350658773
9350868272
9354291167
9389742360
9430954686
9431285563
9431873951
9454936027
9461113753
9462797011
9466057096
9468267710
9468886559
9472203759
9472525293
9473210270
9473285884
9473333059
9504237655
9507021425
9507959876
9513426747
9534095341
9540071139
9541577071
9546686378
9555033945
9555137520
9555927128
9556668152
9560037880
9560598756
9560667201
9560900710
9561462102
9576317094
9582229850
9582648348
9582807424
9582901495
9599138289
9599657163
9599771525
9608774279
9625202604
9638666677
9650052080
9650057818
9650925341
9651132212
9654100147
9654196075
9654353641
9654491338
9654500021
9667606977
9670344001
9699955449
9708231037
9709818964
9711074494
9711204172
9711310191
9711350309
9711716162
9711860506
9711868693
9711909581
9711918452
9711962896
9716394142
9716437921
9716440030
9716832127
9716832327
9716837024
9717200317
9717248069
9717278957
9717937729
9718165960
9718302334
9718416737
9718525387
9718606783
9718665899
9718807774
9718959603
9724398307
9727043817
9741092863
9748343294
9755907489
9756209138
9769525990
9771039679
9773719642
9773750302
9773780434
9779495688
9780011837
9781785920
9791162504
9810149885
9810180660
9810227225
9810289529
9810292388
9810837086
9810989479
9811167992
9811227723
9811256374
9811352650
9811412399
9811515495
9811662545
9811668136
9811687661
9811771245
9811852507
9811858442
9818235018
9818357194
9818376328
9818456991
9818501934
9818532036
9818682891
9819629967
9833425564
9833945576
9835433732
9841150614
9864152414
9866574594
9868052846
9868327608
9868647201
9870571669
9871038675
9871099726
9871143604
9871188952
9871291661
9871358372
9871379429
9871530440
9871645967
9871760338
9871779896
9871810628
9871898860
9873197879
9873256558
9873300489
9873400933
9873569510
9873608628
9873637374
9873736784
9873788496
9873832556
9884090938
9885301864
9891189011
9891440933
9891563964
9891666427
9891849677
9891861135
9891881994
9891959267
9892396768
9899025501
9899034508
9899201414
9899915194
9899936162
9899987330
9910035754
9910072296
9910076569
9910356676
9910481578
9910485717
9910532147
9910668756
9910710076
9910711093
9910880597
9910896548
9910909385
9911183870
9911329232
9911666870
9911781095
9911796457
9911855336
9911926071
9911939445
9915262474
9920031980
9929001118
9930080528
9930665532
9931025491
9934488295
9934742079
9953103092
9953147599
9953157070
9953527084
9958019989
9958066385
9958106361
9958199957
9958293284
9958370325
9958682343
9958682358
9958920649
9961044246
9968379192
9968561219
9968632597
9968788864
9971018873
9971041265
9971124568
9971130068
9971339130
9971376320
9971690611
9971806152
9971991745
9984134444
9990031560
9990597006
9990827466
9990887761
9993722929
9999058503
9999113867
9999146478
9999203501
9999325148
9999375732
9999384137
9999384761
9999801245
9999802602
9999838175
9999935371
9999978368
9999987824
2544788792
9959822001
5453023281
#VALUE!
#VALUE!
7762478904
1149822016
1409247004
2242514573
6201633790
6202791592
6204715846
6205105911
6209362303
6299543046
6398417048
6399808979
7003377307
7004899976
7009057100
7011152519
7011382647
7011906877
7011916688
7014809126
7018161917
7021929750
7027284796
7033003124
7042383804
7042186956
7042322276
7042814020
7044064773
7045656763
7050787879
7053411982
7065410899
7065650951
7073745745
7079593331
7209204501
7217886081
7231071241
7255046571
7258049825
7300069191
7303450522
7337359773
7351737274
7352033044
7352928700
7366062464
7369984122
7418926646
7428660195
7448332888
7462887697
7479878034
7488034587
7493965848
7503649944
7599122016
7500335456
7503040587
7503348006
7507770086
7507857516
7546998889
7549017146
7549963222
7564981595
7619550074
7678663637
7739244886
7739977467
7782828207
7739025657
7760015101
7760088299
7786962282
7874708159
7827471055
7827540319
7827675981
7827712113
7838033698
7838869497
7857825096
7870012692
7872686811
7877696922
7891302887
7892285011
7903165759
7903773189
7909039836
7979027533
7979027533
7982754554
7908649652
7979762378
7988653386
7999999726
8033420301
8050459858
8084301289
8007903427
8008077182
8010063770
8010578960
8010614045
8010627155
8050232371
8059832730
8083667695
8097338896
8130895219
8130943619
8108007120
8126649173
8130012371
8130115957
8130226225
8130268225
8130672773
8142249833
8168836505
8178007425
8178405640
8178567620
8178710335
8178892093
8178909791
8197895732
8199914070
8209656595
8207686913
8210065517
8210776516
8210733343
8228957869
8233334483
8240242933
8240880138
8249878535
8271787879
8285812704
8287959729
8292357756
8294819101
8299405151
8368232393
8368025253
8368338634
8375049724
8375068204
8376928887
8383939957
8392958412
8471045676
8420934643
8447120824
8447296354
8447322095
8447619997
8448083935
8448246356
8448345115
8448380537
8448486105
8448896103
8454024467
8527490203
8527698986
8505938728
8505957775
8521318838
8522051499
8527799780
8540900011
8578875897
8585954474
8588031912
8588818269
8588872031
8595459757
8617033476
8651691659
8657606278
8797840676
8700064146
8700224243
8700681008
8722224779
8722423836
8744057735
8745010011
8766204603
8766353634
8777713591
8789174656
8789502561
8789680148
8792141358
8797016430
8800745259
8802292429
8873459571
8894348648
8800495087
8802106893
8802918903
8810354085
8825101459
8825166861
8826036609
8826349569
8826358889
8826367390
8826500803
8826701140
8826743216
8848019592
8850220641
8851051661
8860441467
8860704320
8860849364
8861053651
8877734704
8877777303
8882080203
8888822341
8898930005
8950701448
8920736928
8923382493
8929889333
8961613228
8975459343
9000200802
9006575749
9008721134
9038914531
9000540936
9004858589
9006019145
9006133223
9006540492
9008746256
9013496391
9015278549
9015308523
9015430213
9015486108
9015652505
9017784489
9034020208
9038237376
9052393912
9064352905
9065240425
9069838147
9083775975
9128638093
9100574445
9113434385
9118593482
9123470812
9135465731
9135545992
9137161599
9145177711
9154996752
9164893813
9168337667
9170749302
9182082548
9212433891
9205224165
9205659562
9205687965
9205928951
9210334416
9211419394
9211635502
9262368322
9310092526
9313887065
9304409116
9304681251
9306141480
9310234602
9310271473
9310380574
9311214509
9312468531
9313333455
9315153003
9318426838
9350040946
9350173036
9350340037
9354624585
9354994765
9355086533
9411402259
9430210233
9473433241
9409600131
9410099001
9416078989
9416781401
9425024660
9430951072
9431208889
9431275484
9431663675
9435599601
9441007018
9441224091
9444423796
9454736722
9456800856
9466730051
9467516179
9470091099
9488460992
9504497935
9555674174
9560076131
9560331389
9560983833
9566222785
9576315736
9582133894
9582476031
9525046851
9534917853
9535038914
9535611623
9538716445
9540058724
9540248065
9540411387
9540517597
9546098504
9546381723
9546381723
9551012308
9554666796
9555487705
9555638005
9555719997
9555738709
9560077337
9560240753
9560245388
9560508287
9560538363
9560543050
9560613291
9560745473
9560849237
9560919900
9561983110
9570420605
9571764501
9582025112
9582092804
9582097818
9582100987
9582462011
9582724792
9582799403
9585425271
9590831663
9595692012
9599010165
9599051016
9599159470
9599311572
9599409945
9599437125
9599480428
9599550884
9599832101
9618888260
9619374135
9619426716
9632679843
9650268281
9654426196
9600154311
9619914179
9620126780
9620886103
9631608823
9643047891
9643260307
9648904148
9650010493
9650034918
9650044493
9650149670
9650240231
9650311010
9650350682
9650516212
9650565223
9650585562
9650619101
9654073314
9654316561
9654331184
9654378158
9654458663
9654607838
9654613501
9654856374
9655645965
9658692122
9661250373
9661819402
9664358524
9664871090
9667173277
9667223280
9667696317
9686685509
9686819578
9699852353
9711333237
9711548382
9716511267
9787476888
9700292580
9703936139
9708010521
9708064896
9711059350
9711106910
9711196480
9711269239
9711379728
9711396061
9711466007
9711491915
9711596326
9716412512
9716960841
9717055884
9717177489
9717431804
9717479630
9717493242
9717499981
9717569150
9718002229
9718009375
9718164609
9720957870
9729314564
9729682229
9729745766
9739288812
9741461400
9741588067
9759828847
9771418950
9773911405
9810080724
9810280753
9810774502
9860980020
9871289267
9873185526
9873431847
9876795801
9883005723
9899201585
9899586407
9801466779
9808484334
9810039697
9810278026
9810504010
9810636126
9810707984
9810897604
9810961501
9810994198
9811030257
9811131258
9811132962
9811458695
9811475767
9811555991
9811559890
9811644870
9811699021
9811705622
9811819575
9811869756
9811884923
9811977878
9818003790
9818113341
9818294701
9818460139
9818601213
9818850744
9818943913
9819083637
9819375154
9819574701
9820218023
9820295923
9821458815
9826134765
9830837112
9831471045
9831542671
9850298862
9852002808
9853008384
9868433879
9868902277
9871009221
9871117044
9871555300
9871650120
9871731463
9871850579
9873109024
9873272405
9873383824
9873525338
9873644558
9873780631
9873827724
9873878022
9873895465
9878050058
9878335114
9884427852
9890552609
9891173791
9891261266
9891282885
9891335008
9891480429
9892707531
9899133800
9899166578
9899192266
9899198028
9899205018
9899266464
9899514912
9899835030
9899887445
9910097550
9910101448
9910554761
9930080494
9934886852
9952283171
9953094592
9953435503
9953666970
9958261815
9958504311
9971444648
9971777976
9971910452
9971971039
9980094601
9999110070
9999372778
9999650076
9999705577
9999913192
9903898460
9905499755
9910027277
9910161689
9910385868
9910446918
9910668221
9910701920
9910724312
9910883125
9910936263
9911025756
9911565592
9911683237
9911836302
9911843005
9916792075
9920597528
9924501617
9929962411
9930746174
9931262532
9931877760
9934286548
9934815664
9945694422
9949548513
9952940618
9952952970
9953559107
9953822463
9953898550
9955388749
9958166995
9958185586
9958266340
9958528252
9958605367
9962534042
9966137940
9968322934
9968475485
9968770311
9971001319
9971357080
9971593452
9971602652
9971781900
9971897712
9971900500
9971988764
9972407751
9979340619
9981991656
9987976087
9990114822
9990214793
9990245417
9990616720
9990660730
9990699495
9990716069
9990967814
9991180925
9992266156
9993150191
9994760041
9995236670
9999003726
9999089333
9999182771
9999200860
9999331174
9999355688
9999380185
9999393922
9999553387
9999605504
9999639190
9999762984
9999780467
9999783635
9999872304
9999911889
6596356885
9910641412
9334545204
9810845397
7042112623
8171156112
8218027602
6201783705
6202103247
6204353364
6205881074
6283095504
6290979373
6392644725
7011917291
7042656658
7045542273
7050389569
7050961526
7054760302
7060702504
7061042221
7065255641
7065555974
7070812600
7087213035
7101535310
7101539402
7230091827
7250322534
7250322534
7256036137
7277704757
7289910350
7303238884
7303896935
7310101045
7352067318
7352851865
7405188657
7503030053
7503227368
7503438107
7503508680
7550487284
7562983433
7564862712
7654413661
7654635741
7654728133
7668635090
7678182945
7678253731
7678281042
7693077102
7696328434
7698008074
7718888421
7739140576
7764857751
7765026423
7827675981
7827765070
7827778729
7829060322
7829647860
7836010455
7838000791
7838113384
7838151502
7838151528
7838151536
7838151538
7838151541
7838151545
7838151547
7838151548
7838185724
7838858890
7838998331
7856023173
7888896913
7903148396
7903345941
7973947568
7979077370
7979951053
7980745062
8002948969
8010038196
8010224639
8010288270
8054705262
8067602868
8076736335
8083851692
8116425418
8130623556
8130906766
8178417817
8178487845
8210787270
8210853652
8210951187
8218716990
8222911718
8285677719
8286602642
8287278456
8294390096
8294961212
8295511945
8373909444
8375866970
8375886701
8376030398
8376889456
8401253848
8447021120
8447091009
8447197008
8447759984
8454041315
8460460936
8527412223
8527592965
8585946768
8586970935
8587021311
8587843534
8588828919
8588991424
8603812870
8700494626
8707619093
8709086374
8709271315
8709477862
8709578534
8745091257
8745856036
8750317322
8750595099
8800117765
8800214217
8800261702
8800264753
8800409098
8800755593
8802078583
8802871282
8804841955
8816933084
8823610006
8825398660
8826499234
8826555339
8826617110
8826620102
8826706079
8826713287
8826924344
8826976978
8860270822
8860379989
8860986157
8861201686
8861655034
8882186032
8882238405
8882244489
8882591656
8887893129
8888888889
8955939013
8958890171
9000420934
9004591617
9004877739
9006339451
9006427081
9006543884
9006543911
9006707718
9006943858
9013151516
9015197450
9015687035
9015751979
9026126778
9030478711
9031506725
9038605753
9062206484
9097062462
9097551527
9125308992
9140077380
9140343934
9155447302
9161655167
9162199606
9162281155
9162460000
9167216804
9176187873
9199333879
9199482410
9199691354
9199727359
9199865932
9205924918
9210091192
9211391509
9211639875
9212074879
9212263796
9212372375
9212379192
9250135759
9266149217
9267988474
9268449085
9304630303
9304859846
9308114552
9308778801
9310039101
9311114801
9311497304
9312655954
9312852606
9313038327
9313056168
9313096101
9313592515
9315006006
9315341180
9319574125
9324628267
9334508123
9334736836
9350313296
9350380941
9350593506
9350625314
9354970594
9412087280
9412854987
9415769336
9430833942
9431252517
9431262540
9431601401
9447780728
9455426759
9460133974
9470453174
9472299917
9472631496
9472905891
9472961234
9504363525
9504854180
9523654834
9534322214
9538889843
9540016132
9540490978
9540611466
9540723614
9540928563
9546046945
9546962679
9550240416
9555223346
9558800001
9560001097
9560027880
9560062740
9560093147
9560145109
9560311389
9560423731
9560515142
9560710181
9570348949
9582224300
9582261192
9582261523
9582398991
9582482583
9582768458
9582772971
9594001999
9596605331
9598070430
9599493342
9599756526
9606387745
9608959026
9619256637
9619895290
9643300654
9643553660
9643706621
9646940417
9650044493
9650085783
9650100333
9650106557
9650615889
9650726447
9650837951
9650844349
9650844350
9650852936
9654452997
9654572849
9654700295
9661127567
9666483876
9711048679
9711114698
9711511576
9711531781
9711543652
9711918407
9711996467
9712838982
9716811118
9717090976
9717292626
9717485995
9717597506
9717617460
9717681768
9717688491
9717689439
9717744148
9717771271
9717774975
9717774976
9718191178
9718745687
9721852405
9727006889
9731509085
9742810704
9748731056
9753510389
9756987888
9766645669
9768121342
9769729411
9771925973
9784434998
9785182834
9790933678
9794624771
9801677671
9808516450
9810007952
9810128223
9810132591
9810175433
9810213866
9810213958
9810214637
9810270497
9810301653
9810379456
9810408307
9810474825
9810506828
9810509276
9810544507
9810603921
9810629802
9810659902
9810686482
9810695028
9810779892
9810810725
9810886359
9810920387
9810926434
9810927237
9810975789
9811021732
9811051158
9811091599
9811141066
9811146863
9811211910
9811222702
9811277241
9811306580
9811441265
9811445789
9811526747
9811907876
9813490918
9818036491
9818128920
9818140450
9818144165
9818177238
9818186398
9818243032
9818291339
9818321154
9818372556
9818505646
9818531354
9818599729
9818664449
9818671864
9818693575
9818813864
9818821586
9818844908
9820338581
9831763456
9852428190
9852923894
9854027756
9858673996
9868039035
9868472026
9868742184
9871009034
9871044051
9871073927
9871092212
9871144155
9871161285
9871341259
9871343893
9871551713
9871715913
9871718881
9871799178
9871891982
9871900639
9871996352
9872009518
9873115110
9873161077
9873444040
9873585908
9873623866
9873678374
9873692885
9873830948
9873873349
9873891209
9873938882
9873961592
9886238029
9886240594
9886614364
9887000135
9891059301
9891079957
9891125042
9891147600
9891222322
9891420417
9891520787
9891612250
9891635780
9891938133
9892586581
9896012346
9899004443
9899028672
9899114813
9899131772
9899229381
9899294585
9899298369
9899354708
9899409196
9899510495
9899583284
9899607528
9899811792
9899839367
9899968383
9905356389
9909018085
9910046506
9910139456
9910206869
9910236793
9910240920
9910385881
9910385925
9910392404
9910437920
9910634089
9910932153
9911162441
9911278091
9911329840
9911364375
9911387748
9911777773
9911795039
9911797939
9911828244
9911942404
9916329206
9920113976
9920639987
9920778510
9930517399
9930600286
9931965946
9931973033
9934297603
9934499575
9934675595
9934792831
9934828842
9936421778
9939098238
9939191049
9939384506
9939719398
9948080397
9952337789
9953066134
9953246384
9953323228
9953392134
9953527084
9953591814
9953796700
9953820294
9953948199
9953950348
9955263868
9955957523
9958066385
9958096737
9958135638
9958141828
9958157981
9958221210
9958290460
9958297167
9958312183
9958360867
9958505849
9958850576
9958894104
9967291600
9968823139
9968922840
9971132213
9971181795
9971209938
9971271403
9971295303
9971372970
9971449451
9971461731
9971474109
9973241416
9986759191
9990096270
9990197970
9990381570
9990457463
9990511719
9990546448
9990548490
9990663049
9990712483
9990736805
9990750602
9999007665
9999075909
9999169737
9999224262
9999237384
9999270927
9999498062
9999711529
9999830491
9999831944
8291102259
6592384601
1142255304
1142255374
1143938308
1242332557
1244076262
1244076476
2035953894
2261374416
7011600325
7033025340
7061188428
7210954790
7250100093
7277820781
7289910350
7338448969
7488964816
7506716532
7503479892
7530915954
7665570848
7739140576
7720020344
7739279222
7838397436
7992281321
8002059658
8002871846
8010327433
8010482997
8076850750
8095181638
8130176377
8178700244
8238884191
8233366999
8278161091
8285856529
8298280301
8308342353
8368553482
8373900735
8471010721
8433181107
8447624751
8527023288
8527109345
8743025317
8769942426
8709226349
8744032968
8826469778
8826860606
8878977800
8882817383
8800140192
8800591859
8800663946
8802767947
8826115254
8826353323
8858115116
8858584942
8860513010
8860563331
8861959978
8970552994
9006194434
9015623975
9022224442
9035039892
9035803485
9135033809
9130163720
9167204161
9175282514
9199483296
9210003541
9212056697
9212497782
9212512449
9213022902
9310631956
9314228635
9350340037
9310677969
9311414290
9312217068
9350128947
9350233911
9350986969
9389279744
9416796067
9454417510
9430942304
9431000558
9466359607
9468007244
9473953929
9540273633
9560026287
9582869669
9587312542
9504702546
9540730306
9540954937
9540989871
9549657043
9560341331
9560955015
9599045317
9643949494
9650213418
9650986604
9654000429
9654115911
9654411898
9661109431
9661733250
9711777463
9771278889
9785693964
9711662135
9717954976
9718349640
9739288812
9769980883
9781703920
9810650307
9810712354
9811750557
9818109499
9820232725
9873414585
9891499102
9801856789
9810436746
9810523091
9810651915
9811047890
9811719907
9818533119
9820263680
9821333317
9852585508
9871297829
9871322413
9871563182
9875649067
9886435946
9886719864
9891063696
9891286006
9891320078
9891984662
9910655645
9942469213
9971753765
9989751559
9990753679
9901366615
9905180300
9910046846
9910165246
9910641412
9911994156
9923332228
9934471606
9934616607
9934991761
9939923270
9953994164
9958021424
9970422700
9971022345
9971106812
9990005410
9991004183
9999027531
9999496356
9999551565
9999727535
9999987964
1234567891
4071320357
6209407992
7011339985
7027566534
7045473771
7050700195
7079947963
7303259796
7349389105
7619947548
7903444402
7979775167
8076128687
8102259092
8130811551
8271180104
8477814951
8492852807
8709727309
8873043308
8802173371
8826340821
8860009985
8860334455
8941007573
8986240702
9012884445
9081003432
9164719843
9205189494
9205922827
9217165641
9263746225
9310008556
9312708102
9315725209
9358815661
9414464856
9430073619
9565616175
9582142585
9599384349
9650272224
9708651109
9711210017
9711549091
9716986191
9717544493
9728111429
9760747584
9811566727
9811587974
9871094180
9811681572
9818431411
9818477122
9891894337
9897411091
9897610338
9899971719
9931200707
9910124477
9953770570
9958716545
9971771530
9994833174
9334545204
6290314232
6290812008
6307855285
7004439313
7004532048
7004870705
7009171078
7011009907
7011120351
7011543731
7016454715
7042092151
7042112623
7053282365
7065174037
7255806027
7278729273
7352778540
7372006309
7559793192
7676602692
7739911052
7765015561
7838091205
7903214435
7906656850
7979027533
7979027533
7979784974
7982325678
7982327599
7982459415
7982687417
7995465365
8009265569
8076686729
8102453649
8140509934
8169948565
8171156112
8208023260
8218027602
8265861444
8269832312
8271371460
8287008485
8287164031
8287277113
8287926843
8291102259
8340199705
8340239875
8340534800
8377908159
8383904881
8420067278
8447694243
8448083920
8521360000
8527592965
8588961124
8595844634
8609161301
8617203597
8700609763
8700713862
8743871325
8750517188
8750553889
8789278332
8789527839
8800123025
8800313571
8800770068
8802529268
8826207077
8826941906
8851767867
8877806304
8896263394
8920045998
8920047656
9031932601
9076647301
9102142304
9113367455
9136234318
9199303557
9205400151
9210308712
9220239898
9262204366
9319303313
9334545204
9345530374
9430517359
9452444867
9453588332
9464318592
9470637714
9472054184
9472961233
9472961237
9473145829
9501473780
9503458966
9506411734
9525652725
9546381723
9546381723
9555195553
9560861032
9569539949
9582693060
9599560232
9599680956
9610956426
9628459067
9643254200
9650276757
9650619835
9650758725
9650924206
9661010637
9661215148
9675221639
9708073310
9711468398
9716437921
9717935468
9718519445
9718698811
9758034886
9784434998
9810659902
9810845397
9810927237
9811662545
9811961297
9817475162
9818235018
9818361529
9818468084
9818661719
9818742988
9836636142
9871358372
9886435946
9899266255
9899813803
9899987330
9905034174
9905159946
9910206869
9910810720
9916532967
9934692303
9935099414
9941120678
9958677302
9971603896
9971777976
9971777976
9974840595
9999027529
9999354918
7042592172
7291971389
8505933061
8986233060
9560515142
9570864554
9636309624
9971777976
9715454049
9643551038
9625634104
9988281680
9999060606
8077857501
8447337233
8077857501
8447337233
9818893273
8521616970
9810162468
9330905090
9211203661
9582020807
9958018585
8076737063
9050960193
7982639651
9763726844
9871571528
8218708125
7003294758
8586834950
9113727690
7888897108
7654635842
8677917561
9818866172
8700318896
6383524922
7488549820
7011917151
7739868899
9817680599
9470226019
8800188325
7678274213
9999670141
1244215007
9871038776
7718955657
8505999324
7678409367
6363235362
9811210679
9040355512
9625529216
7088778955
8920109345
9315778842
8824945618
1569602536
8210143721
9852923995
9049542868
9471005703
8595543386
8826441217
9711997071
9835686722
6201160661
9971039030
7667427672
8986481345
9560258558
7033965920
9711869808
9773922695
8882746447
9899732397
7003842507
9310147827
7065001237
7004158521
7004777700
9708299672
7519272522
9891833957
8076712902
9811444147
8541057420
9810620903
7678300926
8527587235
9717744249
9832179044
9820924239
7048959860
9304473089
9805047979
8376915046
8210546076
9311731736
7874444124
9818297672
7042024444
8146534906
7903224823
7889032917
9654785884
9968347825
6201211636
6202961414
6205372510
6206218046
6206263629
6207610350
6254231079
6290408367
7004603760
7011820571
7015739320
7023398332
7042024439
7042298098
7042547029
7053844925
7060645964
7088496505
7210917596
7250885947
7258035126
7259866744
7292037056
7298992402
7304826791
7307234786
7367919623
7379889045
7428018371
7428830071
7428830076
7428997375
7439512173
7503214687
7503520684
7503595434
7506641960
7506731869
7607168300
7651901936
7710040042
7717740414
7739516648
7755916092
7757862269
7781057310
7827691906
7827731686
7836080349
7838151620
7838151635
7838151683
7838203645
7874762101
7877778993
7903323355
7908649753
7940059705
7982006171
7982337858
7982705940
7982752106
7982770896
7992386988
8002946021
8010133119
8013688792
8050190178
8051022776
8067602968
8067873102
8076171969
8100419301
8108249832
8127890638
8130027894
8130152252
8130330708
8130522679
8130559877
8130825460
8146257312
8178044714
8210902124
8210907605
8250388417
8279990976
8287296604
8287493326
8292864915
8300053657
8335079474
8368210731
8368633020
8368662172
8368836621
8377906794
8390962330
8395989821
8447225746
8447513910
8447715795
8447756102
8448867301
8467914685
8469708816
8501059560
8510099842
8527113481
8527263973
8527301924
8527589951
8527597150
8527597188
8553607863
8586042654
8586969977
8588824302
8595054159
8617203698
8619650058
8697487284
8700984561
8750525536
8750695603
8757915277
8777473300
8797949745
8800114677
8800296127
8802700930
8802980218
8810544283
8810634224
8816893580
8825197997
8826017249
8826028225
8826179961
8826703840
8826921546
8826942007
8826981908
8853885758
8859787627
8860075677
8860194216
8860446241
8860629304
8870816017
8877454613
8879180122
8879373323
8882123127
8882267667
8882603123
8887568247
8910467353
8920911980
8949072072
8960505087
8969176135
8976951532
8978147980
8978746112
8979862424
8981880454
8981958996
9003577547
9008715782
9013169099
9013262754
9013262855
9015027109
9015153171
9015851820
9023702267
9030083597
9031013507
9031668872
9044519392
9047048544
9050006827
9060502573
9065089174
9071345753
9082683742
9102958513
9102986329
9110971734
9135625941
9135777653
9149327956
9154191931
9161865311
9162092643
9162650611
9163092878
9163362317
9167038613
9167131037
9167410882
9167911433
9172987747
9205274111
9205437387
9210064792
9210064793
9212370263
9212475703
9213417259
9213881416
9215287848
9241194134
9250969601
9266573358
9268379293
9300819434
9304108340
9308545133
9310249029
9310382393
9310909660
9311669746
9311841137
9312481181
9312811546
9312906764
9313139641
9313204402
9313631893
9318348106
9330905089
9330907620
9334918356
9350007581
9350133841
9350372741
9350658874
9350868373
9354291268
9389742461
9430954787
9431285664
9431874052
9454936128
9461113854
9462797112
9466057197
9468267811
9468886660
9472203860
9472525394
9473210371
9473285985
9473333160
9504237756
9507021526
9507959977
9513426848
9534095442
9540071240
9541577172
9546686479
9555034046
9555137621
9555927229
9556668253
9560037981
9560598857
9560667302
9560900811
9561462203
9576317195
9582229951
9582648449
9582807525
9582901596
9599138390
9599657264
9599771626
9608774380
9625202705
9638666778
9650052181
9650057919
9650925442
9651132313
9654100248
9654196176
9654353742
9654491439
9654500122
9667607078
9670344102
9699955550
9708231138
9709819065
9711074595
9711204273
9711310292
9711350410
9711716263
9711860607
9711868794
9711909682
9711918553
9711962997
9716394243
9716438022
9716440131
9716832228
9716832428
9716837125
9717200418
9717248170
9717279058
9717937830
9718166061
9718302435
9718416838
9718525488
9718606884
9718666000
9718807875
9718959704
9724398408
9727043918
9741092964
9748343395
9755907590
9756209239
9769526091
9771039780
9773719743
9773750403
9773780535
9779495789
9780011938
9781786021
9791162605
9810149986
9810180761
9810227326
9810289630
9810292489
9810837187
9810989580
9811168093
9811227824
9811256475
9811352751
9811412500
9811515596
9811662646
9811668237
9811687762
9811771346
9811852608
9811858543
9818235119
9818357295
9818376429
9818457092
9818502035
9818532137
9818682992
9819630068
9833425665
9833945677
9835433833
9841150715
9864152515
9866574695
9868052947
9868327709
9868647302
9870571770
9871038776
9871099827
9871143705
9871189053
9871291762
9871358473
9871379530
9871530541
9871646068
9871760439
9871779997
9871810729
9871898961
9873197980
9873256659
9873300590
9873401034
9873569611
9873608729
9873637475
9873736885
9873788597
9873832657
9884091039
9885301965
9891189112
9891441034
9891564065
9891666528
9891849778
9891861236
9891882095
9891959368
9892396869
9899025602
9899034609
9899201515
9899915295
9899936263
9899987431
9910035855
9910072397
9910076670
9910356777
9910481679
9910485818
9910532248
9910668857
9910710177
9910711194
9910880698
9910896649
9910909486
9911183971
9911329333
9911666971
9911781196
9911796558
9911855437
9911926172
9911939546
9915262575
9920032081
9929001219
9930080629
9930665633
9931025592
9934488396
9934742180
9953103193
9953147700
9953157171
9953527185
9958020090
9958066486
9958106462
9958200058
9958293385
9958370426
9958682444
9958682459
9958920750
9961044347
9968379293
9968561320
9968632698
9968788965
9971018974
9971041366
9971124669
9971130169
9971339231
9971376421
9971690712
9971806253
9971991846
9984134545
9990031661
9990597107
9990827567
9990887862
9993723030
9999058604
9999113968
9999146579
9999203602
9999325249
9999375833
9999384238
9999384862
9999801346
9999802703
9999838276
9999935472
9999978469
9999987925
2544788893
9959822102
5453023382
#VALUE!
#VALUE!
7762479005
1149822117
1409247105
2242514674
6201633891
6202791693
6204715947
6205106012
6209362404
6299543147
6398417149
6399809080
7003377408
7004900077
7009057201
7011152620
7011382748
7011906978
7011916789
7014809227
7018162018
7021929851
7027284897
7033003225
7042383905
7042187057
7042322377
7042814121
7044064874
7045656864
7050787980
7053412083
7065411000
7065651052
7073745846
7079593432
7209204602
7217886182
7231071342
7255046672
7258049926
7300069292
7303450623
7337359874
7351737375
7352033145
7352928801
7366062565
7369984223
7418926747
7428660296
7448332989
7462887798
7479878135
7488034688
7493965949
7503650045
7599122117
7500335557
7503040688
7503348107
7507770187
7507857617
7546998990
7549017247
7549963323
7564981696
7619550175
7678663738
7739244987
7739977568
7782828308
7739025758
7760015202
7760088400
7786962383
7874708260
7827471156
7827540420
7827676082
7827712214
7838033799
7838869598
7857825197
7870012793
7872686912
7877697023
7891302988
7892285112
7903165860
7903773290
7909039937
7979027634
7979027634
7982754655
7908649753
7979762479
7988653487
7999999827
8033420402
8050459959
8084301390
8007903528
8008077283
8010063871
8010579061
8010614146
8010627256
8050232472
8059832831
8083667796
8097338997
8130895320
8130943720
8108007221
8126649274
8130012472
8130116058
8130226326
8130268326
8130672874
8142249934
8168836606
8178007526
8178405741
8178567721
8178710436
8178892194
8178909892
8197895833
8199914171
8209656696
8207687014
8210065618
8210776617
8210733444
8228957970
8233334584
8240243034
8240880239
8249878636
8271787980
8285812805
8287959830
8292357857
8294819202
8299405252
8368232494
8368025354
8368338735
8375049825
8375068305
8376928988
8383940058
8392958513
8471045777
8420934744
8447120925
8447296455
8447322196
8447620098
8448084036
8448246457
8448345216
8448380638
8448486206
8448896204
8454024568
8527490304
8527699087
8505938829
8505957876
8521318939
8522051600
8527799881
8540900112
8578875998
8585954575
8588032013
8588818370
8588872132
8595459858
8617033577
8651691760
8657606379
8797840777
8700064247
8700224344
8700681109
8722224880
8722423937
8744057836
8745010112
8766204704
8766353735
8777713692
8789174757
8789502662
8789680249
8792141459
8797016531
8800745360
8802292530
8873459672
8894348749
8800495188
8802106994
8802919004
8810354186
8825101560
8825166962
8826036710
8826349670
8826358990
8826367491
8826500904
8826701241
8826743317
8848019693
8850220742
8851051762
8860441568
8860704421
8860849465
8861053752
8877734805
8877777404
8882080304
8888822442
8898930106
8950701549
8920737029
8923382594
8929889434
8961613329
8975459444
9000200903
9006575850
9008721235
9038914632
9000541037
9004858690
9006019246
9006133324
9006540593
9008746357
9013496492
9015278650
9015308624
9015430314
9015486209
9015652606
9017784590
9034020309
9038237477
9052394013
9064353006
9065240526
9069838248
9083776076
9128638194
9100574546
9113434486
9118593583
9123470913
9135465832
9135546093
9137161700
9145177812
9154996853
9164893914
9168337768
9170749403
9182082649
9212433992
9205224266
9205659663
9205688066
9205929052
9210334517
9211419495
9211635603
9262368423
9310092627
9313887166
9304409217
9304681352
9306141581
9310234703
9310271574
9310380675
9311214610
9312468632
9313333556
9315153104
9318426939
9350041047
9350173137
9350340138
9354624686
9354994866
9355086634
9411402360
9430210334
9473433342
9409600232
9410099102
9416079090
9416781502
9425024761
9430951173
9431208990
9431275585
9431663776
9435599702
9441007119
9441224192
9444423897
9454736823
9456800957
9466730152
9467516280
9470091200
9488461093
9504498036
9555674275
9560076232
9560331490
9560983934
9566222886
9576315837
9582133995
9582476132
9525046952
9534917954
9535039015
9535611724
9538716546
9540058825
9540248166
9540411488
9540517698
9546098605
9546381824
9546381824
9551012409
9554666897
9555487806
9555638106
9555720098
9555738810
9560077438
9560240854
9560245489
9560508388
9560538464
9560543151
9560613392
9560745574
9560849338
9560920001
9561983211
9570420706
9571764602
9582025213
9582092905
9582097919
9582101088
9582462112
9582724893
9582799504
9585425372
9590831764
9595692113
9599010266
9599051117
9599159571
9599311673
9599410046
9599437226
9599480529
9599550985
9599832202
9618888361
9619374236
9619426817
9632679944
9650268382
9654426297
9600154412
9619914280
9620126881
9620886204
9631608924
9643047992
9643260408
9648904249
9650010594
9650035019
9650044594
9650149771
9650240332
9650311111
9650350783
9650516313
9650565324
9650585663
9650619202
9654073415
9654316662
9654331285
9654378259
9654458764
9654607939
9654613602
9654856475
9655646066
9658692223
9661250474
9661819503
9664358625
9664871191
9667173378
9667223381
9667696418
9686685610
9686819679
9699852454
9711333338
9711548483
9716511368
9787476989
9700292681
9703936240
9708010622
9708064997
9711059451
9711107011
9711196581
9711269340
9711379829
9711396162
9711466108
9711492016
9711596427
9716412613
9716960942
9717055985
9717177590
9717431905
9717479731
9717493343
9717500082
9717569251
9718002330
9718009476
9718164710
9720957971
9729314665
9729682330
9729745867
9739288913
9741461501
9741588168
9759828948
9771419051
9773911506
9810080825
9810280854
9810774603
9860980121
9871289368
9873185627
9873431948
9876795902
9883005824
9899201686
9899586508
9801466880
9808484435
9810039798
9810278127
9810504111
9810636227
9810708085
9810897705
9810961602
9810994299
9811030358
9811131359
9811133063
9811458796
9811475868
9811556092
9811559991
9811644971
9811699122
9811705723
9811819676
9811869857
9811885024
9811977979
9818003891
9818113442
9818294802
9818460240
9818601314
9818850845
9818944014
9819083738
9819375255
9819574802
9820218124
9820296024
9821458916
9826134866
9830837213
9831471146
9831542772
9850298963
9852002909
9853008485
9868433980
9868902378
9871009322
9871117145
9871555401
9871650221
9871731564
9871850680
9873109125
9873272506
9873383925
9873525439
9873644659
9873780732
9873827825
9873878123
9873895566
9878050159
9878335215
9884427953
9890552710
9891173892
9891261367
9891282986
9891335109
9891480530
9892707632
9899133901
9899166679
9899192367
9899198129
9899205119
9899266565
9899515013
9899835131
9899887546
9910097651
9910101549
9910554862
9930080595
9934886953
9952283272
9953094693
9953435604
9953667071
9958261916
9958504412
9971444749
9971778077
9971910553
9971971140
9980094702
9999110171
9999372879
9999650177
9999705678
9999913293
9903898561
9905499856
9910027378
9910161790
9910385969
9910447019
9910668322
9910702021
9910724413
9910883226
9910936364
9911025857
9911565693
9911683338
9911836403
9911843106
9916792176
9920597629
9924501718
9929962512
9930746275
9931262633
9931877861
9934286649
9934815765
9945694523
9949548614
9952940719
9952953071
9953559208
9953822564
9953898651
9955388850
9958167096
9958185687
9958266441
9958528353
9958605468
9962534143
9966138041
9968323035
9968475586
9968770412
9971001420
9971357181
9971593553
9971602753
9971782001
9971897813
9971900601
9971988865
9972407852
9979340720
9981991757
9987976188
9990114923
9990214894
9990245518
9990616821
9990660831
9990699596
9990716170
9990967915
9991181026
9992266257
9993150292
9994760142
9995236771
9999003827
9999089434
9999182872
9999200961
9999331275
9999355789
9999380286
9999394023
9999553488
9999605605
9999639291
9999763085
9999780568
9999783736
9999872405
9999911990
6596356986
9910641513
9334545305
9810845498
7042112724
8171156213
8218027703
6201783806
6202103348
6204353465
6205881175
6283095605
6290979474
6392644826
7011917392
7042656759
7045542374
7050389670
7050961627
7054760403
7060702605
7061042322
7065255742
7065556075
7070812701
7087213136
7101535411
7101539503
7230091928
7250322635
7250322635
7256036238
7277704858
7289910451
7303238985
7303897036
7310101146
7352067419
7352851966
7405188758
7503030154
7503227469
7503438208
7503508781
7550487385
7562983534
7564862813
7654413762
7654635842
7654728234
7668635191
7678183046
7678253832
7678281143
7693077203
7696328535
7698008175
7718888522
7739140677
7764857852
7765026524
7827676082
7827765171
7827778830
7829060423
7829647961
7836010556
7838000892
7838113485
7838151603
7838151629
7838151637
7838151639
7838151642
7838151646
7838151648
7838151649
7838185825
7838858991
7838998432
7856023274
7888897014
7903148497
7903346042
7973947669
7979077471
7979951154
7980745163
8002949070
8010038297
8010224740
8010288371
8054705363
8067602969
8076736436
8083851793
8116425519
8130623657
8130906867
8178417918
8178487946
8210787371
8210853753
8210951288
8218717091
8222911819
8285677820
8286602743
8287278557
8294390197
8294961313
8295512046
8373909545
8375867071
8375886802
8376030499
8376889557
8401253949
8447021221
8447091110
8447197109
8447760085
8454041416
8460461037
8527412324
8527593066
8585946869
8586971036
8587021412
8587843635
8588829020
8588991525
8603812971
8700494727
8707619194
8709086475
8709271416
8709477963
8709578635
8745091358
8745856137
8750317423
8750595200
8800117866
8800214318
8800261803
8800264854
8800409199
8800755694
8802078684
8802871383
8804842056
8816933185
8823610107
8825398761
8826499335
8826555440
8826617211
8826620203
8826706180
8826713388
8826924445
8826977079
8860270923
8860380090
8860986258
8861201787
8861655135
8882186133
8882238506
8882244590
8882591757
8887893230
8888888990
8955939114
8958890272
9000421035
9004591718
9004877840
9006339552
9006427182
9006543985
9006544012
9006707819
9006943959
9013151617
9015197551
9015687136
9015752080
9026126879
9030478812
9031506826
9038605854
9062206585
9097062563
9097551628
9125309093
9140077481
9140344035
9155447403
9161655268
9162199707
9162281256
9162460101
9167216905
9176187974
9199333980
9199482511
9199691455
9199727460
9199866033
9205925019
9210091293
9211391610
9211639976
9212074980
9212263897
9212372476
9212379293
9250135860
9266149318
9267988575
9268449186
9304630404
9304859947
9308114653
9308778902
9310039202
9311114902
9311497405
9312656055
9312852707
9313038428
9313056269
9313096202
9313592616
9315006107
9315341281
9319574226
9324628368
9334508224
9334736937
9350313397
9350381042
9350593607
9350625415
9354970695
9412087381
9412855088
9415769437
9430834043
9431252618
9431262641
9431601502
9447780829
9455426860
9460134075
9470453275
9472300018
9472631597
9472905992
9472961335
9504363626
9504854281
9523654935
9534322315
9538889944
9540016233
9540491079
9540611567
9540723715
9540928664
9546047046
9546962780
9550240517
9555223447
9558800102
9560001198
9560027981
9560062841
9560093248
9560145210
9560311490
9560423832
9560515243
9560710282
9570349050
9582224401
9582261293
9582261624
9582399092
9582482684
9582768559
9582773072
9594002100
9596605432
9598070531
9599493443
9599756627
9606387846
9608959127
9619256738
9619895391
9643300755
9643553761
9643706722
9646940518
9650044594
9650085884
9650100434
9650106658
9650615990
9650726548
9650838052
9650844450
9650844451
9650853037
9654453098
9654572950
9654700396
9661127668
9666483977
9711048780
9711114799
9711511677
9711531882
9711543753
9711918508
9711996568
9712839083
9716811219
9717091077
9717292727
9717486096
9717597607
9717617561
9717681869
9717688592
9717689540
9717744249
9717771372
9717775076
9717775077
9718191279
9718745788
9721852506
9727006990
9731509186
9742810805
9748731157
9753510490
9756987989
9766645770
9768121443
9769729512
9771926074
9784435099
9785182935
9790933779
9794624872
9801677772
9808516551
9810008053
9810128324
9810132692
9810175534
9810213967
9810214059
9810214738
9810270598
9810301754
9810379557
9810408408
9810474926
9810506929
9810509377
9810544608
9810604022
9810629903
9810660003
9810686583
9810695129
9810779993
9810810826
9810886460
9810920488
9810926535
9810927338
9810975890
9811021833
9811051259
9811091700
9811141167
9811146964
9811212011
9811222803
9811277342
9811306681
9811441366
9811445890
9811526848
9811907977
9813491019
9818036592
9818129021
9818140551
9818144266
9818177339
9818186499
9818243133
9818291440
9818321255
9818372657
9818505747
9818531455
9818599830
9818664550
9818671965
9818693676
9818813965
9818821687
9818845009
9820338682
9831763557
9852428291
9852923995
9854027857
9858674097
9868039136
9868472127
9868742285
9871009135
9871044152
9871074028
9871092313
9871144256
9871161386
9871341360
9871343994
9871551814
9871716014
9871718982
9871799279
9871892083
9871900740
9871996453
9872009619
9873115211
9873161178
9873444141
9873586009
9873623967
9873678475
9873692986
9873831049
9873873450
9873891310
9873938983
9873961693
9886238130
9886240695
9886614465
9887000236
9891059402
9891080058
9891125143
9891147701
9891222423
9891420518