9620210038
9739075216
9379404229
9945515624
9972299200
9880710530
9901800322
9886159180
9535064601
9342729117
9481016824
9379170141
9886109936
9844295784
9994710023
9945122160
9379289994
9750024011
9900259058
9945683000
9844855979
9980989725
9972295945
9742170395
9916506408
9945243138
9986920892
9741459812
9900910291
9740466120
9916161162
9901955223
9844121610
9886397653
9880469669
9900910089
9742482588
9986794466
9743281955
9880063984
9886774128
9980037879
9886089708
9535126670
9945244304
9902390283
9940556870
9743752205
9449149907
9844101267
9980482390
9945604104
9964210905
9916420259
9243038111
9986603710
9310928305
9986052086
9849313635
9980990202
9972660492
9986796409
9741030557
9900160110
9743309546
9900781536
9008344663
9739158113
9901816860
9844888881
9980851950
9972323895
9972041514
9620370387
9880392001
9739394755
9341747180
9731274093
9880240343
9900595267
9886640208
9942366957
9886551725
9739173391
9844683246
9243095180
9886536979
9845891042
9902931812
9916695434
9909024306
9739011708
9845015911
9845197141
9861761567
9986421264
9886150317
9845321495
9886460468
9901409658
9886189379
9742284322
9886983553
9742664396
9901679438
9448374953
9964255929
9845538284
9655122992
9986384680
9000323281
9986075439
9731162985
9980302611
9886155814
9845740759
9632726723
9448825780
9845437396
9986454548
9449155867
9972101170
9980254545
9241479652
9740233011
9341579694
9916257519
9611978780
9972597848
9731055911
9663375130
9611990498
9916340846
9632277577
9886065958
9811723147
9449058148
9739001270
9972008214
9535091507
9739125066
9980526428
9968499782
9019661172
9047868324
9902039960
9964540205
9986375758
9986763026
9972450211
9739055157
9739042112
9886548216
9880634362
9986661875
9740067112
9663366788
9886115228
9632694301
9916767023
9880463782
9449326178
9880088539
9972568366
9844960887
9741779654
9900148690
9379334650
9886865726
9886877797
9928810788
9999911234
9886736271
9632320550
9743454364
9739068281
9900812650
9742000283
9900732944
9964318775
9886142587
9019258372
9845709617
9845424392
9845788041
9663366227
9448906092
9845881366
9916781291
9363042421
9886138094
9611722799
9845616989
9886522731
9739194369
9945203750
9448263474
9901530446
9008890106
9916669175
9886647733
9739004892
9972527280
9609898904
9886340853
9741016624
9743017413
9886006753
9986430982
9008022850
9741779942
9620202829
9964451710
9845564740
9740901004
9880616658
9880305592
9741600300
9740884511
9886377256
9620127510
9964232114
9886413073
9916549225
9916448055
9448930884
9972471992
9632454169
9019949522
9686336565
9980243434
9980507266
9901374287
9902280949
9632314040
9916516775
9686187028
9900277781
9916140964
9743918946
9341106579
9008096811
9986503588
9743187291
9740366222
9886307448
9845931165
9916076113
9836466687
9916663638
9342837634
9901899114
9886071095
9845359787
9480494080
9964101270
9844311166
9916189981
9611055331
9008759218
9901960278
9886701318
9742746163
9379331483
9008838327
9986275548
9988774455
9886808253
9242325236
9480521046
9000385001
9945265327
9717519033
9632166772
9741115760
9448519758
9611778997
9342833503
9986706868
9880996624
9900451641
9916911792
9341251985
9343543218
9632226055
9740972173
9243977449
9480232431
9844814106
9632784211
9886548827
9916781258
9243316356
9986777440
9844340367
9916291331
9986047376
9972063875
9008416835
9242065683
9739976643
9886162746
9986549276
9923403567
9986433845
9739090244
