9845824132
9845801020
9739237124
9446138122
9900112062
9632249412
9880860587
9916981917
9986898599
9008827222
9900280691
9741370276
9916109161
9632318542
9986725368
9449631253
9902292921
9844066587
9986086600
9945325505
9886511687
9743203240
9886813857
9743066451
9916253780
9886776749
9986188333
9945640519
9880375893
9739656543
9902346628
9343851242
9886765719
9972356527
9743206175
9480569139
9886383311
9916346702
9902261583
9964359252
9341289662
9986298205
9611931931
9902934127
9741366448
9980021405
9842605700
9980432127
9731760701
9663299661
9449719233
9886361915
9880237253
9886159149
9740195054
9663367636
9945565079
9916083254
9886393926
9845674971
9900729129
9620208020
9986206290
9901319970
9985736047
9663000448
9742323141
9986771104
9845233220
9341819696
9980513356
9845708664
9481531375
9972399815
9731729044
9900387526
9341931357
9739191908
9902576919
9886683826
9900590436
9886504041
9964411691
9620304076
9379491656
9901840484
9446531962
9742394854
9886523147
9880149437
9972833172
9449001577
9845584165
9740172830
9343123455
9900174024
9880799360
9481426137
9481022209
9731562511
9342408177
9620408895
9880695426
9964898998
9986076105
9686862121
9731037207
9964483642
9972318898
9916937175
9632118302
9611235806
9379564068
9686568619
9886343668
9740567165
9962977440
9916766871
9880602163
9900177311
9886846086
9742331354
9731427738
9940103484
9611238411
9740194071
9620313052
9739061187
9886730190
9241115697
9945354118
9342222782
9980769474
9980028100
9900722065
9945215585
9741028561
9886006972
9902356784
9620907698
9980799599
9902957348
9900131750
9632913656
9986682346
9739038574
9611188558
9986895580
9964223196
9902919808
9916588958
9986931189
9611827056
9336530731
9902054940
9986393014
9008830982
9049988087
9742107621
9986410208
9880714496
9886368075
9902728577
9980506420
9986121209
9845519836
8023323921
9986458952
9886009467
9964611083
9742495619
9739624578
9845401007
9945200972
9449731847
9900241999
9731371881
9886951035
9844062703
9845183969
9900810642
9743226123
9379188400
9899999999
9980666815
9448677652
9535352925
9900532209
9739055998
9886551681
9845172540
9986717690
1914201749
9916479286
9379165050
9886070390
9916398790
9886622106
9845662156
9886716318
9379676455
9901052907
9986922305
9620045844
9948436909
9741906534
9848332682
9886944003
9845487382
9343541399
9886080400
9880532204
9379104302
9980913071
9844606580
9986532550
9986154902
9742279490
9901200885
9790176982
9845043521
9964668089
9741890989
9448327809
9663302259
9986658010
9239033119
9739130584
9763846934
9686973701
9448308100
9886314680
9964379426
9742087398
9845119824
9343631903
9845336530
9342069462
9900510800
9900252293
9986333766
9019630952
9880197964
9740030464
9632694953
9880164533
9480758527
9739981602
9739795225
9845941146
9972401116
9916315605
9986862256
9341356077
9880385700
9880543468
9880880055
9739048222
9663399077
9632226280
9945812102
9650202278
9448854230
9379802607
9623139122
9916264239
9741026372
9980787609
9742672967
9886891869
9480278319
9902736054
9342126907
9449982051
9739919128
9731891596
9886491171
9980679679
9620469240
9902272244
9964296220
9739262454
9900866386
9986816464
9945940209
9886955114
9900131721
9739495841
9739500246
9740008939
9916375977
9740469249
9986252217
9686193981
9900208401
9741595767
9916785051
9341471287
9945090770
9739365632
9916127793
9740402981
9886828853
9739451335
9916479809
9740980784
