9241194235
9250969702
9266573459
9268379394
9300819535
9304108441
9308545234
9310249130
9310382494
9310909761
9311669847
9311841238
9312481282
9312811647
9312906865
9313139742
9313204503
9313631994
9318348207
9330905190
9330907721
9334918457
9350007682
9350133942
9350372842
9350658975
9350868474
9354291369
9389742562
9430954888
9431285765
9431874153
9454936229
9461113955
9462797213
9466057298
9468267912
9468886761
9472203961
9472525495
9473210472
9473286086
9473333261
9504237857
9507021627
9507960078
9513426949
9534095543
9540071341
9541577273
9546686580
9555034147
9555137722
9555927330
9556668354
9560038082
9560598958
9560667403
9560900912
9561462304
9576317296
9582230052
9582648550
9582807626
9582901697
9599138491
9599657365
9599771727
9608774481
9625202806
9638666879
9650052282
9650058020
9650925543
9651132414
9654100349
9654196277
9654353843
9654491540
9654500223
9667607179
9670344203
9699955651
9708231239
9709819166
9711074696
9711204374
9711310393
9711350511
9711716364
9711860708
9711868895
9711909783
9711918654
9711963098
9716394344
9716438123
9716440232
9716832329
9716832529
9716837226
9717200519
9717248271
9717279159
9717937931
9718166162
9718302536
9718416939
9718525589
9718606985
9718666101
9718807976
9718959805
9724398509
9727044019
9741093065
9748343496
9755907691
9756209340
9769526192
9771039881
9773719844
9773750504
9773780636
9779495890
9780012039
9781786122
9791162706
9810150087
9810180862
9810227427
9810289731
9810292590
9810837288
9810989681
9811168194
9811227925
9811256576
9811352852
9811412601
9811515697
9811662747
9811668338
9811687863
9811771447
9811852709
9811858644
9818235220
9818357396
9818376530
9818457193
9818502136
9818532238
9818683093
9819630169
9833425766
9833945778
9835433934
9841150816
9864152616
9866574796
9868053048
9868327810
9868647403
9870571871
9871038877
9871099928
9871143806
9871189154
9871291863
9871358574
9871379631
9871530642
9871646169
9871760540
9871780098
9871810830
9871899062
9873198081
9873256760
9873300691
9873401135
9873569712
9873608830
9873637576
9873736986
9873788698
9873832758
9884091140
9885302066
9891189213
9891441135
9891564166
9891666629
9891849879
9891861337
9891882196
9891959469
9892396970
9899025703
9899034710
9899201616
9899915396
9899936364
9899987532
9910035956
9910072498
9910076771
9910356878
9910481780
9910485919
9910532349
9910668958
9910710278
9910711295
9910880799
9910896750
9910909587
9911184072
9911329434
9911667072
9911781297
9911796659
9911855538
9911926273
9911939647
9915262676
9920032182
9929001320
9930080730
9930665734
9931025693
9934488497
9934742281
9953103294
9953147801
9953157272
9953527286
9958020191
9958066587
9958106563
9958200159
9958293486
9958370527
9958682545
9958682560
9958920851
9961044448
9968379394
9968561421
9968632799
9968789066
9971019075
9971041467
9971124770
9971130270
9971339332
9971376522
9971690813
9971806354
9971991947
9984134646
9990031762
9990597208
9990827668
9990887963
9993723131
9999058705
9999114069
9999146680
9999203703
9999325350
9999375934
9999384339
9999384963
9999801447
9999802804
9999838377
9999935573
9999978570
9999988026
2544788994
9959822203
5453023483
#VALUE!
#VALUE!
7762479106
1149822218
1409247206
2242514775
6201633992
6202791794
6204716048
6205106113
6209362505
6299543248
6398417250
6399809181
7003377509
7004900178
7009057302
7011152721
7011382849
7011907079
7011916890
7014809328
7018162119
7021929952
7027284998
7033003326
7042384006
7042187158
7042322478
7042814222
7044064975
7045656965
7050788081
7053412184
7065411101
7065651153
7073745947
7079593533
7209204703
7217886283
7231071443
7255046773
7258050027
7300069393
7303450724
7337359975
7351737476
7352033246
7352928902
7366062666
7369984324
7418926848
7428660397
7448333090
7462887899
7479878236
7488034789
7493966050
7503650146
7599122218
7500335658
7503040789
7503348208
7507770288
7507857718
7546999091
