9886293024
9986468999
9740434611
9980046939
9590739885
9886415894
9867742054
9844040758
9986040398
9448368498
9845227617
9833118589
9880079089
9844103838
9740464454
9986048589
9620203725
9342888174
9632300997
9611996839
9490331937
9880841234
9972918292
9343981809
9481247837
9916343214
9986189137
9945181782
9739830271
9880148079
9916909215
9620540149
9886724501
9980053095
9611258911
9986673488
9980599582
9480047177
9964197502
9738278008
9844324577
9449551572
9916969237
9986090093
9880659188
9964252518
9901042730
9886566967
9940152112
9986075271
9916878653
9980675626
9980477089
9945511682
9886291949
9742398046
9941689027
9731863353
9845080653
9945617079
9886397516
9916540349
9986736774
9633359488
9243431502
9964830057
9886840615
9861345577
9620302454
9972808233
9916551864
9900626429
9923334008
9886385060
9341375074
9986742790
9986039543
9731702817
9844805395
9916271168
9886761898
9611698303
9448481757
9739184580
9940954019
9886545821
9980532575
9740377994
9611343628
9731456125
9731032428
9986696027
9742127952
9880048404
9663088990
9901070587
9972001253
9632500977
9845985630
9929882490
9880318031
9008977110
9731434216
9886849523
9341835538
9916110027
9886654108
9845010399
9886375099
9947595672
9916904524
9611108591
9845362375
9947547033
9916420343
9980570283
9902407083
9008649000
9341984812
9986036031
9663808633
9945205525
9008279010
9900254722
9886634726
9388402002
9844430854
9870428542
9986569742
9886975573
9902346585
9731152341
9945206133
9845100379
9449647846
9480397816
9900688966
9831902373
9900268455
9448692921
9986439688
9901651234
9902496123
9880947623
9972419037
9900774632
9739593878
9980824822
9986179055
9916143763
9986310482
9480453151
9916684806
9739405146
9743566633
9480302320
9337550551
9845257832
9986970988
9945055805
9886710377
9481026746
9886352287
9242121395
9341949696
9844107763
9916323723
9731729898
9845213758
9743735721
9901102882
9880166735
9886111910
9611933446
9448870090
9740366184
9739959818
9986345665
9902783216
9880201637
9663311440
9964111810
9844016119
9731199773
9379016506
9901063480
9900545113
9916269332
9972317587
9845027061
9880781431
9986642989
9945991875
9741376766
9902721212
9731314659
9740062012
9980449239
9740088310
9739260339
9945395070
9972811925
9738185880
9611324877
9886894038
9945223465
9880108980
9731013681
9900096445
9741598259
9986481023
9916717762
9740794111
9731012537
9916681080
9886521685
9972404784
9845553286
9916093199
9415787462
9972055990
9731758035
9611244246
9886835020
9739100309
9916444104
9886299870
9972437476
9945181853
9980833239
9886422161
9742405982
9916510269
9916364459
9916551769
9611991621
9844313761
9611896880
9620112559
9379179699
9980958430
9902530870
9886356726
9886597659
9844474266
9986504541
9743576779
9741714141
9632766947
9900140001
9741270511
9945792347
9986309015
9844550613
9845514479
9739418756
9743230303
9945910250
9741429740
9844471202
9845251057
9900399341
9448708198
9964653112
9342332302
9880024803
9845514438
9844107431
9886394458
9379105161
9900512087
9741291150
9986036937
9972816787
9980507607
9611307717
9886627410
9845139591
9980170045
9886321608
9945541115
9886077352
9743579868
9986583467
9886983017
9442985749
9986854757
9880980765
9901303948
9741778954
9985669420
9902019014
9986647435
9880321343
9886441025
9886533171
9964426782
9343340636
9980098953
9880855112
9845253846
9964928078
9381791103
9880774679
9845803619
9966454175
