8369749114
9833343405
7027600687
7977587904
8928779071
8976787960
8546831020
9845973778
8287023629
7261987255
8080288664
8169102399
8169820659
8779254227
8828287748
7506452019
9619648794
8390083275
8879954741
8527889094
7887641440
7977606471
7208519545
9284356273
7666434472
9560811213
7827349612
8779330350
8879679620
8879812633
8130735081
7896681951
7022387832
9079996347
8660017121
8652232162
8928786835
9980786915
9389180563
9312285134
8097601834
8838932681
7045585222
9667865471
7718831622
8310293867
8108950028
8270507311
8748846025
7067092705
7760358840
8382051619
9310103718
8169531130
9224845529
9029944774
9167693194
8097878606
7827832821
9167158254
9021024880
8884753897
7715811642
8851087898
8421614140
8879920093
8700357557
8369902972
7756861445
9899167210
9689703357
7042287027
7348987897
9110044322
9920350392
7057428710
7219050890
9326280611
7846930548
9742206076
6282526016
8147605480
9131262233
9846724550
9910370620
7620158712
9872820023
9205638864
8971400174
9029989977
9528597770
8287030295
7710842407
9082960198
8657268141
7506661269
7021353968
8898412207
9315088574
8898507580
7302522693
9820899856
9021444806
7977513451
8108426616
9769123587
9318491416
8108977383
8081571607
8971987709
7506213360
8454913498
8779971917
9538974059
8454943777
9137977406
8431332996
7259765057
7506121110
8296067048
8208843912
9004948456
7738779535
7304781164
8368564093
9892693406
9967434418
9702772505
8369226404
8652716137
8553630795
9606226769
9625410329
9820678750
7457808837
7900084385
9410647570
7977736597
9833583363
6393185715
8879624419
9205059353
8377059530
7021473146
7834819101
7021578879
9833719617
9990317115
8088525629
7219134002
8667078977
9136398014
7796179755
9137989553
6290623097
9148202158
9892472631
9987992889
9999461255
7337470740
7021625528
9029245642
9991415625
9819235174
7838462132
8010537255
7004655423
8104140926
6362221362
8104224265
7053582523
9082621550
9535222693
6361222685
8088720630
7838908239
9833014371
7817941395
7838963835
9324537947
8860400809
7021329060
7892915286
9619564452
8356848653
9029932472
8108246143
9716807581
7498108038
8762386689
8976066689
8975576438
9902010739
9025118641
9321856191
8291885030
9892156899
8376955184
9870057875
7021787413
8861449184
9326445897
6366363888
7037735325
9718965707
8108331843
9560525403
9148670931
8077067303
7218828391
9860529507
9148163081
7030288845
9833883847
8652524561
9972338078
8355956658
9967762262
7039604495
9702867459
9892342131
9311293790
9980173106
8070678282
9920277609
6361013014
8779600746
9137490190
8693822756
9811387864
7760331233
9353397031
9892367743
8108900596
9321754198
9632878108
7011359256
6387354739
9136382625
7507242387
9833234244
9359052335
9004707058
7060357424
9731406466
9901055969
9930884885
8828570587
9619464107
7834923556
9309778222
8850136520
9136360811
7979971294
7387518116
7715904964
8850272338
8082011746
8108337310
9082650827
9717557363
9867462581
7757810301
8828510792
8433718380
8369749098
7620416882
9717167728
8108334613
8860973737
9997518446
7766841173
9625352690
8657186689
9870303696
8929123158
9664950363
8591113050
9529312342
9082172384
9205381548
8450999093
7700048137
9633214267
9702257101
6378445581
8898566982
6388441938
8657183933
9820284608
9091590682
6397895996
8550036415
7738028563
9082837252
9820137658
7738026196
8873290540
7039271907
8879586722
7738923880
9967000899
7899208361
7758063808
9819357057
9620016371
8197499328
6366607368
9958561187
9899855456
9790282158
8088056355
7995770677
9987689759
9742121488
9205451043
9052657073
8810540382
8095973779
8217226450
6360838403
8882121043
8319251163
8861532047
8122123186
6362770478
9340305507
9620295165
8722705990
9769248717
7977610762
7829539022
6361375955
9980499511
8217676229
8095224362
7836055716
7760125635
9400563468
9686338573
9620119737
7838622004
8510905765
9625868540
8506905962
8929961453
7503932425
8953815095
6263336254
7291013459
9699271661
8073466563
7624969689
8928047245
9324799684
9892190868
7619108913
7710925400
9021573898
8779668979
9323104057
9164556188
9650999826
7900058795
9148024648
8104124678
9594917441
9969741647
8452925591
9136716185
9654019206
9892295940
8860711401
8452836430
7304149697
6396660128
8850528055
6361260229
8433608657
9321064052
9745204403
9768040114
9696632390
7304177149
7045625015
9004243738
8376838742
8954711593
8422068988
9321840591
9321165009
7058434274
8828050591
8652757228
9370180002
7304126723
9619025123
8108143382
7700027511
9310054372
