9731052982
9980031961
9632785060
9787867565
9880663593
9845690323
9916559364
9916162252
9739274032
9742846336
9731763230
9663395669
9972875757
9994214694
9916742150
9741596455
9379269393
9742798116
9611869768
9886683755
9901194116
9972740864
9886294340
9743293845
9739441177
9663377492
9880438546
9980329499
9880509975
9986690766
9945617360
9741353089
9663332998
9739091635
9620533931
9900160208
9986682422
9881715863
9986050025
9901970439
9929461674
9854643029
9886236909
9901973094
9886239262
9739090699
9740082837
9845922078
9844269356
9844554581
9731272217
9986684901
9347357304
9341020059
9980806845
9886190517
9741126578
9901685072
9916141686
9972733225
9945599058
9945441836
9742292912
9742203883
9008131330
9980988540
9880300253
9343690307
9663427562
9845757846
9886229820
9739851106
9663869689
9986460284
9986315173
9989563521
9986988907
9632313114
9341587081
9886156819
9620129932
9944627410
9790740265
9379039369
9902276357
9739843532
9845932864
9986248044
9972776384
9008789032
9343780131
9449509390
9740369008
9448807629
9717013999
9886347698
9731171703
9611109080
9740196981
9481250543
9886469954
9986782550
9986099310
9243166003
9986348368
9620062140
9886070825
9343503051
9743276852
9945510131
9900695076
9980590816
9901111599
9886550195
9741611886
9739434120
9886820895
9916292040
9880400468
9480409680
9480271348
9880638225
9916259268
9449940347
9243072344
9448523023
9964294221
9980136372
9663692108
8135316872
9986529385
9972810207
9620264316
9844287692
9916289548
9986877709
9339781012
9243053763
9986258719
9980870537
9341103709
9986619935
9449000102
9886082004
9916196482
9739184513
9886407932
9986015636
9850297344
9844051242
9886289615
9964478172
9620534882
9986453906
9739053559
9844049670
9740183495
9886321548
9663375800
9457649740
9686620212
9742066185
9980474690
9845151713
9880275067
9740213973
9964382917
9620203502
9342391530
9916393225
9742277561
9742279912
9916103057
9646017010
9916733518
9620137043
9980548188
9986000602
9964318743
9845826644
9739219814
9972012902
9986143994
9449017262
9008779912
9480090970
9916726926
9871004355
9900180240
9916106005
9880679304
9986555593
9886108099
9742384990
9845836312
9886895133
9739213182
9945150214
9972252525
9986586367
9986721976
9632245455
9964428263
9742480689
9008026170
9845137937
9902266733
9632729943
9900438742
9886274760
9880805414
9739279289
9632418417
9980662596
9845689396
9916856534
9742586090
9901305712
9945772122
9845176302
9964257474
9880026732
9632433211
9535114825
9008015773
9739436396
9980647690
9886156142
9448702318
9844939330
9886163667
9986985989
9886199701
9986222430
9880270726
9886713512
9945903808
9379450918
9972871676
9972812296
9900130092
9681444518
9886035004
9902761006
9959972283
9342508524
9480117962
9916496583
9845468852
9844565037
9343367468
9964278854
9742203149
9986893282
9845306179
9916862589
9741889500
9008199688
9242989179
9900949718
9845514251
9986861984
9886704749
9945637772
9980717937
9663301611
9739466564
9620539285
9902929205
9845028339
9632312644
9964938860
9342563398
9742175349
9845018455
9739951231
9886574409
9620123245
9844885072
9916246983
9242670635
9916354439
9916179931
9632179652
9742726613
9901723212
9845551066
9986381155
9900826160
9731211160
9611906700
9343754127
9341634766
9743300494
9902881081
9945048071
9886104773
9986208066
9886216870
9986404197
9334363005
9620431407
9964550040
9632453769
9008509441
9481788606
