9958605367
9962534042
9966137940
9968322934
9968475485
9968770311
9971001319
9971357080
9971593452
9971602652
9971781900
9971897712
9971900500
9971988764
9972407751
9979340619
9981991656
9987976087
9990114822
9990214793
9990245417
9990616720
9990660730
9990699495
9990716069
9990967814
9991180925
9992266156
9993150191
9994760041
9995236670
9999003726
9999089333
9999182771
9999200860
9999331174
9999355688
9999380185
9999393922
9999553387
9999605504
9999639190
9999762984
9999780467
9999783635
9999872304
9999911889
6596356885
9910641412
9334545204
9810845397
7042112623
8171156112
8218027602
6201783705
6202103247
6204353364
6205881074
6283095504
6290979373
6392644725
7011917291
7042656658
7045542273
7050389569
7050961526
7054760302
7060702504
7061042221
7065255641
7065555974
7070812600
7087213035
7101535310
7101539402
7230091827
7250322534
7250322534
7256036137
7277704757
7289910350
7303238884
7303896935
7310101045
7352067318
7352851865
7405188657
7503030053
7503227368
7503438107
7503508680
7550487284
7562983433
7564862712
7654413661
7654635741
7654728133
7668635090
7678182945
7678253731
7678281042
7693077102
7696328434
7698008074
7718888421
7739140576
7764857751
7765026423
7827675981
7827765070
7827778729
7829060322
7829647860
7836010455
7838000791
7838113384
7838151502
7838151528
7838151536
7838151538
7838151541
7838151545
7838151547
7838151548
7838185724
7838858890
7838998331
7856023173
7888896913
7903148396
7903345941
7973947568
7979077370
7979951053
7980745062
8002948969
8010038196
8010224639
8010288270
8054705262
8067602868
8076736335
8083851692
8116425418
8130623556
8130906766
8178417817
8178487845
8210787270
8210853652
8210951187
8218716990
8222911718
8285677719
8286602642
8287278456
8294390096
8294961212
8295511945
8373909444
8375866970
8375886701
8376030398
8376889456
8401253848
8447021120
8447091009
8447197008
8447759984
8454041315
8460460936
8527412223
8527592965
8585946768
8586970935
8587021311
8587843534
8588828919
8588991424
8603812870
8700494626
8707619093
8709086374
8709271315
8709477862
8709578534
8745091257
8745856036
8750317322
8750595099
8800117765
8800214217
8800261702
8800264753
8800409098
8800755593
8802078583
8802871282
8804841955
8816933084
8823610006
8825398660
8826499234
8826555339
8826617110
8826620102
8826706079
8826713287
8826924344
8826976978
8860270822
8860379989
8860986157
8861201686
8861655034
8882186032
8882238405
8882244489
8882591656
8887893129
8888888889
8955939013
8958890171
9000420934
9004591617
9004877739
9006339451
9006427081
9006543884
9006543911
9006707718
9006943858
9013151516
9015197450
9015687035
9015751979
9026126778
9030478711
9031506725
9038605753
9062206484
9097062462
9097551527
9125308992
9140077380
9140343934
9155447302
9161655167
9162199606
9162281155
9162460000
9167216804
9176187873
9199333879
9199482410
9199691354
9199727359
9199865932
9205924918
9210091192
9211391509
9211639875
9212074879
9212263796
9212372375
9212379192
9250135759
9266149217
9267988474
9268449085
9304630303
9304859846
9308114552
9308778801
9310039101
9311114801
9311497304
9312655954
9312852606
9313038327
9313056168
9313096101
9313592515
9315006006
9315341180
9319574125
9324628267
9334508123
9334736836
9350313296
9350380941
9350593506
9350625314
9354970594
9412087280
9412854987
9415769336
9430833942
9431252517
9431262540
9431601401
9447780728
9455426759
9460133974
9470453174
9472299917
9472631496
9472905891
9472961234
9504363525
9504854180
9523654834
9534322214
9538889843
9540016132
9540490978
9540611466
9540723614
9540928563
9546046945
9546962679
9550240416
9555223346
9558800001
9560001097
9560027880
9560062740
9560093147
9560145109
9560311389
9560423731
9560515142
9560710181
9570348949
9582224300
9582261192
9582261523
9582398991
9582482583
9582768458
9582772971
9594001999
9596605331
9598070430
9599493342
9599756526
9606387745
9608959026
9619256637
9619895290
