7339556647
8309968178
8121320746
9360206509
9773459942
7330705067
7020816265
6379683067
9640787548
9514483655
9016969029
7904662961
7904153217
8124545931
9962801004
8074737155
7385323117
9662051648
7359723110
7338883889
8010936470
7358727040
8374686413
8682018153
7448729245
6385133282
8925412024
7904893071
9025357954
9342454326
6380411049
8939464935
7358048376
8870204716
7358341447
8939036472
8939194839
9080600580
8186931505
9176487910
8428791260
9150008619
8481087864
9578027453
8939382806
7044621590
8919281820
9790817799
6383198124
9502844538
7003457442
8019922632
9998073434
7057833670
9766416262
9566083415
9912029642
9789904426
9566209933
8500529646
9175195150
9172302064
7057836606
7305708694
9700659103
7672036048
7338706694
7358215139
9923610474
7044554206
9092451795
8297111623
9841069220
8897909098
9841686615
9014140580
9175885093
7041994878
9087839594
8638952685
9710110077
9790998664
9052432779
7358668239
9121575925
9884098968
7305347654
9360974207
8939654000
9042783614
8939051822
8056015638
9176553194
9052866446
8248773925
9849967627
9790921253
7550205271
7395948784
7350813784
9831633933
8767433400
8777592663
9176195918
9673462460
9080042601
7708362218
7020034380
9347352115
8919622280
8983430762
9373275224
8939627497
7305279358
8849021843
9014812044
7904442939
7559457266
7709474862
9884286259
7448457192
6303801871
9689458193
6382761788
6383069931
9021401590
8617736177
8072241876
9003084361
9502512492
9913326105
8080711065
8500711806
8179393397
6383424132
9515681590
9126775534
8975609445
9841481168
8788610348
9344802184
9566228365
9597953798
6379330797
6360393283
9156108311
9542516776
7358213124
6301110804
9951834453
8639673501
9370108121
7588219792
7499069733
7600513453
9748139529
7507445636
8860079648
7845906493
9791056258
8790685389
9610103688
7420842874
8754915527
9176298371
9381861858
6379230778
7046429594
7278851096
8334020226
7207263087
6379299360
7016359191
9924387348
9394754216
7010970656
9989415888
7358765626
9099339214
7397079186
9883930526
8220161063
9573570409
8555036609
9840297698
9150975868
7066379199
9629381024
9345691479
6383310848
7709008628
9515113075
6379740634
8637632898
7395929044
9025933530
9344493758
9601627449
6302279024
9677146908
9884438026
9010101482
9373800722
7358292427
8428095259
9686140109
9360415593
7972083252
8459824572
9552706172
7358533091
8768558345
8939453574
9381677611
8830079012
9677063925
8975086929
6383500792
8888646981
8189836397
8072940979
9384292241
9360345454
8939354721
9063294990
9791164462
9860470191
9585091149
7030609729
7305594546
9789811998
7449286817
9789022860
7299095956
7775037985
9550685050
9677240190
7448328223
6369101117
9083095474
8975583883
9346869310
8903180342
7904810674
6290871829
7338713384
8584830369
6383114745
9883079443
8910013349
9724056758
9789021104
7670825091
8341766484
8428898243
7218033439
9176462436
9789003499
7904492114
6300133408
9963036500
9176097288
9952986799
9744662769
9265888323
6354850640
9330276517
8019303233
9840104295
7358767705
9943240564
6382559804
8870486162
7200478804
9028589652
9677091957
7338762744
9963855439
6383932059
9160114781
7995035391
8688387302
7358196794
9674462540
8149877650
7047479321
7043124140
9553484529
8758145096
9500862729
7558130394
6383998068
8610332483
6382904757
7477466646
9597260407
9789233468
9966683709
6374129684
7305101210
8754272158
9675433962
7989914869
9025741928
6200744764
6374842273
7418680130
9789801585
9642398951
8099299877
9344715395
6383730815
6305076559
9133702407
9346268590
7596879844
8975757059
9700127575
9392353843
6354377472
6291062301
6374494114
9150364549
9177026680
9566270922
6382098230
8985548577
8421460164
8124165942
6382484224
7559389289
8777753199
9133450041
7358299650
9498061698
9710517717
6301316515
9150899096
8939474744
9806425899
9677299972
9080541253
9158921012
6382702662
7395959929
7075729821
9092962922
9994933482
9344261455
9172638773
6383231474
9551925244
9087674993
7875988925
8141502931
7305494174
7605880674
7439599661
8220410944
7092952253
8961197311
9123800907
9182094356
9514820694
9962670083
8610583848
9883851975
7447688532
7057965328
8124500734
9763389103
9951340072
6352828192
8555977576
9309963779
9581988072
7397351298
9763736051
9731233169
9884014866
9042044738
9500152880
8939398827
8240315561
6300571452
9994128852
8866491050
9652687422
9163418845
7680918270
9163649667
9344225353
8179507023
8790138927
9325142237
6281109807
9014140752
8009231341
9363079759
9442503091
6382749438
9344044283
8667808943
8678918065
9361954242
8179598515
9382164101
9748193582
6383532729
7621013086
7358245952
9710411246
7397434803
9381019322
8925359226
9003229397
6374388790
7358461544
6379649381
6383402309
9884636031
9962697142
7842114906
9666726073
8317622517
7046118530
9051640289
7003523870
9049606808
7358526337
8460725726
8910521635
6382923906
9121426776
9790831634
9884869530
9677240283
7288924574
6379066612
9600002576
8428879955
9705803101
9123936920
7087710042
9344007714
6379090659
7299220622
9133244404
9330481293
7338967606
