8123988674
9441746696
7039639889
9148634855
8454878575
9346525836
8879850459
7506489459
7993059909
9108208728
9071391355
9966195520
8433247526
9945589522
8088248885
8095668899
9632646641
6394098445
7022571624
8693024863
8147256646
9764148479
6362718249
7829539148
7406643157
7496112430
8105804702
7827399117
9967396914
9845937997
7039114524
6361606765
8105115659
7985847829
8692877737
6393969681
7760009880
8808415083
8296038961
9819826702
7021277323
8976504467
9354265344
9370281071
7039647388
8291328106
6364660713
7259826327
9967197834
9791957095
9136313436
9712860254
7022089080
7701916918
8879060178
9967100892
8291077667
6301669715
8095074479
8296054727
9019989186
9315926231
9743612357
7406479920
7507946097
8291065119
7982427616
8431271925
7625091975
8433510312
8447140128
9180738397
8296243066
9667271329
6386020472
8767689759
7259509407
9930672456
7021742268
9632427486
8050029512
8777259131
9407561922
7565965105
9833530439
8447204262
8762151348
9881661629
6202439983
7899033211
8879921411
9326648236
8369673672
8287409782
7417869086
9136501905
8850299657
7533890784
9196532640
7875048813
8291461545
8431639802
6361262419
9846176000
9833088043
8050153292
9321964095
8979538993
9686843353
8299827946
6361278993
8088140716
6380725296
6362191321
9167337930
9193531248
9318432450
8979097358
9501638548
8660582056
7760470206
9871465072
9381524592
8110936220
9653264039
6362658106
9167561725
7826983090
8951126492
9711724317
9686722184
8565886486
9986612336
8879917156
9034442750
9972253168
8073488503
9740653611
9999392847
7066792771
8826080817
6384824223
9663504377
7082277845
9579626206
9183687825
9632726481
9513170328
6362101307
7996191159
8950999798
9987659634
8452066306
9738533743
7701986923
7760554209
8840319833
9769066254
9718029550
9447966119
9741774929
7989424154
9945339465
9910309563
9108998521
8169574714
7045184443
8882348948
9022656994
9167781397
9205527657
8618315704
9535486332
9889613805
9663022769
9632572688
6363392338
8179942278
9901790863
9035907240
9594436996
8369735662
7676537461
6360624612
7510548435
9123243576
9137666425
9694029676
9336837093
7977491214
8291066112
7038366279
7066450319
8088129055
9960541205
9833075484
8923965061
9206974418
8169522978
9833680910
9606437315
9167528275
8424960272
6305982620
9901814486
7549462043
8860598554
9686934486
9170199726
8217674664
7829500631
9741565099
7758856266
9380431940
9304384852
9148945861
7007846550
9689249669
8570884120
6362839702
7349538434
7058733051
9082808803
9967493829
9818967794
8355869619
7900027114
7506120550
9945900423
8861090711
8532062911
9986780018
9148308126
9731459561
8879306266
9945411050
9643253323
8291357662
8448135416
9326545079
9625839037
8930658929
8310770953
8169971249
7025537096
9870343408
8087928746
8860290044
8828490453
9313745515
