9449850963
9964676748
9964127476
9880102120
9448803195
9986963879
9985626730
9901031444
9743729864
9886180259
9886696898
9916960293
9916897371
9901823547
9448735233
9342569676
9886082079
9916155808
9986042734
9611757492
9845802474
9880708982
9886373125
9343122212
9972400422
9742048663
9901777225
9739579639
9902066586
9880724432
9845538982
9901769538
9886820712
9945323188
9886291208
9986020962
9980154890
9880766495
9246499766
9886322989
9449147985
9845944837
9632294008
9886280463
9742178429
9743017621
9972311302
9901019072
9611140217
9826760606
9886103292
9611102871
9739835616
9739600944
9916765200
9741010709
9449440132
9611329536
9844994841
9449026523
9886599692
9980667406
9008181164
9945794760
9242307514
9916448175
9886314575
9845426897
9341839406
9900892769
9620537212
9844892170
9964335281
9845471645
9342548483
9902825409
9342849236
9844004489
9741188674
9880471366
9342017174
9916432210
9986111393
9886592220
9886222523
9742837027
9741006297
9972039256
9880902804
9986014530
9986193219
9980172160
9886707719
9341920834
9789455390
9900271472
9740460501
9243960899
9923497249
9886658317
9845828512
9886171141
9886894244
9900115536
9986178254
9620148178
9620060654
9008322437
9620211935
9731591269
9845815863
9342552998
9900707904
9379011015
9964656193
9611020354
9886102101
9916461395
9449461425
9964384146
9964654855
9740521192
9844620081
9886487011
9902020982
9449950405
9964550407
9986354352
9740196530
9986883376
9886647034
9844627291
9845228651
9742003309
9880868305
9880991354
9844194864
9739142408
9964824624
9886256433
9972427550
9902801431
9632728721
9448985239
9731453273
9916134166
9901482102
9986695481
9986258402
9986380840
9743825250
9902732906
9423822453
9844231521
9008484715
9916394930
9845790729
9945490862
9980475208
9880394349
9986761197
9731781127
9945106965
9986859249
9986985322
9886403579
9886155359
9840815477
9916479594
9008224550
9379095776
9243998953
9739066255
9739864166
9739864147
9611976685
9731177004
9741543202
9945426483
9845018067
9901688880
9480524332
9964218442
9964566842
9743336138
9845990477
9945785640
9916973085
9742570198
9845039900
9449157462
9886547748
9740423232
9341003852
9902772039
9980853295
9880554464
9902578251
9008333887
9844710965
9739175684
9845858047
9739055393
9611919011
9886042652
9342241253
9242839800
9964033458
9739906580
9481061287
9320367998
9916538804
9845474143
9986793303
9986661758
9945669149
9900607032
9901133222
9986399678
9901930225
9900630949
9741633800
9880988588
9902832819
9845232899
9000345098
9886693747
9986696620
9886933197
9865955476
9845287028
9980544544
9986578465
9742696226
9868336523
9886385453
9611134712
9742821308
9844789036
9632269333
9886575885
9741189333
9986622140
9986655455
9986417480
9449409319
9886606747
9916153917
9986874639
9986255253
9379289496
9243992138
9611255344
9885307660
9886434459
9739878660
9845323187
9900173348
9742337713
9886097249
9741409836
9740512126
9900381863
9224358038
9940047240
9916437420
9916393212
9916083259
9957192975
9900229992
9901599664
9731987089
9900197699
9845232873
9632385365
9632222727
9611907084
9845131007
9886452524
9986259947
9701730573
9739406460
9480771507
9632547900
9449612871
9972850628
9916705968
9740089024
9845597111
9986082019
9343830042
9449580420
9902509090
9744475456
9986702621
9341484533
9008753867
9900698452
9886317348
9880959302
9900778841
9844027897
9743114798
9916664740
9886072713
9480522298
9740814113
9845400194
9986498436
9986759835
9747074491
9743179849
9241058507
9739422550
9886830763
9886548627
9611743038
9980241035
9845868061
9620152785
9945879065
9886075232
9901997000
9731898285
9741177749
9844415598
9820932553
9945466088
9743019026
9844633493
9900977606
9449544126
9964552465
9322992929
9886495051
9886559312
9901333276
9964564300
9742827454
9986123163
9341105636
9611300883
9972451146
9742068145
9986447960
9886297514
9986696704
9632242454
9731118616
9900235972
