8123260290
9448070279
8790011095
8286202889
6361807453
9449496530
9632559133
8217097400
9560321031
7406830870
8929559459
8152816803
9702313688
6364814221
9958529629
8098849393
6362755855
8210771099
6371680503
9901189163
9686960905
8884964300
7086015191
9324109384
9632819097
9082204946
9619142374
7021115214
9867371477
8618249499
9137610395
9643081133
7042853259
9022830985
9870459237
8867185291
8884023291
9902251828
7498837296
9606782675
8800346505
7975601300
7760883242
7829926405
7337744618
7987692537
7466887698
9990640535
8825432439
7349187775
7982902100
9082743948
7093106422
8208412791
8500202676
7021535233
9980784742
8291529072
8105419449
9711677425
8920278459
8892392965
9315218002
7977457388
9845189758
9742492944
8108893686
8929688839
8826274546
7483426747
8073300241
9082774160
9535864630
7406911128
8355882705
8108233600
7483823283
9019142962
7259749055
7760242179
6302957671
8356025291
9902202590
8108993850
9730526837
9900571796
9741496994
8088407590
8860183034
8147438067
9061620264
9971415412
7829359192
7900130669
8686887333
7026250350
9902452965
9582443130
8126135416
6304215370
8006060475
6303346354
8105219839
6361228042
8275875745
6360975069
7022031041
9032537223
8197757566
8368627501
7624839755
9886979911
9205043187
9148906442
9381938340
7045627163
8904857697
7248039306
8867744779
9315896766
9108186885
8097388366
8660935344
7007561387
8800342752
9920833836
8095468300
8971569401
9871199541
8655332377
9967636936
9902315400
8652105286
9061616234
8951153960
7718099516
8660809526
8652369373
8095923678
8152816632
9150337095
7899335977
9492086612
8618301819
8861629739
9731060113
8800375042
7710879920
8088118073
9022871443
8617223146
8317448143
7977805592
7975513754
7829691037
8431851724
9817910841
9867576384
9071171889
7835802851
9870103783
8200951031
8296918830
7773966842
8884707712
6301829473
6363227659
8309371139
7795585962
9990367501
9980430446
7010032794
9606602973
7015518756
8861691538
8431338483
9740572286
6304282588
7483367051
8130800754
8104184549
9066836386
9035533853
7349047998
9930760785
6306768292
8917626202
9481816905
7483458200
9128017587
9036546643
9549890804
8369672438
8700143177
8095408545
9535987041
7045083932
9289253095
9599768990
6361261582
7985932553
8104536315
8722433686
9061992918
7411823515
8668793344
7995962373
8971830140
6361230704
7769085824
7718003154
9958728326
7208261420
9606295864
8929306160
7338134206
9704670468
8247098011
9810399220
9448276985
6361093275
9995355642
6362540840
8425937085
9560189117
9632854589
9066513337
9611658702
8791736499
9990317365
9483862818
9738081318
8618706139
8919170210
8076972192
8088587548
7892355537
7411700559
9643196923
8971539925
9108691654
7396112430
9819651470
7702244872
9380532104
9535205043
7027021941
7983938380
7483052669
7204391983
7756059426
7558482509
9133025479
9632595835
9741609217
7022698286
8744826257
9560610448
7019453038
7985003502
9540122087
7050934342
7619282231
9133849180
8310854681
8861165259
9557193461
8376931931
6366098400
9108451356
8095917781
8088561120
6366250081
6281584054
7676456212
6362492971
9066552401
9731721806
9108781951
9450140971
9844089222
8459110574
8886592667
9741060387
6362124780
9969138146
6363982889
6202573677
6283902275
8747034345
9820117102
8951578219
9071132341
9372121904
8879829221
9315091694
9902962714
7892121498
9847891921
7710971689
