9886506354
9972236348
9986512249
9902833055
9663381805
9886151226
9449223542
9845078258
9880928264
9886878170
9535182325
9741020656
9902767457
9980012834
9036865770
9916589046
9845519456
9743783229
9916928663
9886565297
9449270718
9431373600
9972044560
9886538568
9844061820
9731016186
9742089791
9964038597
9972573605
9844815164
9742200110
9535207780
9980958655
9632597641
9740008739
9538240020
9947193069
9844754200
9880066022
9945095433
9916924487
9972453994
9980875891
9880869431
9945979534
9980571137
9480095544
9742575856
9945058559
9886775656
9741414980
9885506117
9632776813
9900809413
9886593757
9916301946
9845488188
9739448257
9900770143
9916086009
9611341750
9964960510
9731609204
9916517049
9535038202
9342164632
9620533254
9986432665
9886737216
9620047834
9916511519
9342234835
9686570690
9900216247
9986530657
9916296905
9844229889
9739747632
9845692364
9886141347
9742089674
9986249247
9953680101
9686972998
9916836315
9902124840
9449133644
9620202335
9036428929
9742803829
9620932642
9916878916
9886002926
9343525011
9342647887
9916989257
9901146288
9916392265
9740285455
9731819191
9739846731
9620054059
9657762111
9611616201
9743328352
9900281500
9964441992
9880667596
9986539016
9709246688
9845710837
9916780341
9986781615
9964510803
9986623021
9902973419
9241714380
9986948688
9739624235
9986971596
9972016511
9845947469
9632181314
9886376142
9731100955
9741013552
9740883682
9880702405
9742143156
9886762022
9008307383
9986429116
9986570292
9952059478
9845296529
9164072791
9980479849
9449172622
9590677231
9886360382
9902422533
9482216799
9901549607
9916469666
9980394354
9980921282
9980418445
9663376161
9916049849
9845803460
9632754891
9845208513
9902934278
9972455153
9885106506
9900136535
9980204999
9242666422
9663395087
9980343645
9739519850
9293942683
9342390403
9886508636
9986115164
9945825290
9902038440
9886095070
9448118587
9632482685
9845712638
9374512663
9880997923
9886367031
9986492973
9958407661
9342308000
9738336234
9448956688
9944476660
9845644330
9741142488
9986172429
9739804416
9343834987
9964198081
9620135869
9739495805
9880952908
9901311120
9738705939
9739468250
9047479760
9916128302
9894154206
9880122531
9341627006
9742655590
9481457187
9886273791
9916955501
9481466397
9972938217
9902862923
9972177072
9739074946
9986424315
9916436471
9448554424
9945918661
9900262145
9241083836
9611207656
9632784331
9241136659
9916441967
9611822544
9731760876
9900490621
9739034112
9663244880
9739093579
9742596380
9481677908
9900578238
9964045496
9880947701
9341244197
9342929654
9886559859
9980955141
9900593943
9880304487
9844409577
9663307115
9964109838
9632722663
9620215661
9731053404
9986119493
9901001857
9243076639
9986066338
9986557628
9902927042
9632383857
9886317344
9739659519
9964244857
9663685690
9986953120
9242073148
9036565264
9738214749
9916753783
9742171080
9480611243
9901536987
9901999929
9986044207
9886142758
9379041517
9008178514
9620553633
9739327089
9844905922
9342395907
9424395570
9886168983
9880965088
9742931070
9611922225
9739163168
9986720310
9379968180
9845096617
9901919851
9980093618
9731800400
9900111557
9742258103
9880754138
9900578930
9945691512
9844293280
9900370472
9986071204
9008427150
9740988252
9900300505
9886594756
9980289681
9980554425
9845296021
9986882163
9741733966
9880903963
9964140082
9738108233
9742772076
9449561095
9742139538
9742764791
9916674164
9449023172
9916128729
9611207494
9739718258
9901765042
9448101287
9964856475
9739454905
9916488234
9535559967
9739838402
9632699124
9886831598
9886968670
9945083380
9611488159
9986680133
9964663878
9342047279
9880177707
9448118548
9731566900
9900128881
9886230617
9916444179
9632150840
9845912616
9731588374
9880781901
9590796992
9036438781
9341282574
9243131005
9886432400
9480108658
9731577511
9620320304
9739802283
9916974735
9845943842
9986107361
9964954144
9620841131
9986119091
9611975746
9731449501
