8941060809
8851614062
7982224241
7838926507
8383922275
8197761636
8485079483
9711152134
8505964968
9066960654
9538594653
9739344028
8421712562
7977229609
9769353161
8237718851
9902884927
8791111106
9315635135
9757489038
6362347232
9471629154
9193164242
8291569924
9958182538
8083455395
9821012041
7977153686
8840971126
9967718272
9811938120
9730066165
9353283134
7015557226
9891159240
9650617047
8586870669
7259510753
9354011528
9990780147
8310754481
7292087388
9714119284
9128535320
9643520642
8860899956
8860117825
8588888599
8369259948
7015253521
6362632329
7975266890
9632061303
8800483141
9930252841
6387634525
9769858638
7022614981
9773635772
7338549126
8356884678
8076674368
7737198020
7011363483
9354677721
9958258347
9810116880
9718950472
8310479391
9971719827
8130110936
8928088851
9650857751
7303895833
9967798095
9560826304
6366683572
8105192887
9953443125
7977872295
7452013459
9004332958
8006615921
9845756874
7030464895
6363346684
9373989566
7986784858
9430192142
8588860504
9473722639
9910266588
9847945855
9632844344
7970471330
9643797595
8828190899
7838788920
7289910516
9057336918
9315313180
8904549992
8800307301
9739674574
9967111823
7982607467
8830593128
9811045083
9686663275
9982092348
9632309147
8861744694
9811889540
9821240362
9886191759
7800043553
9130346705
9513486947
9990879383
9986524912
8586821184
8287025070
7303559352
8178709853
9739221945
8178857035
9108639266
9899976266
7620880351
8652000000
8108773703
7666370506
8149744805
9036701359
6362643701
8287305635
9953836423
8279550303
8108137166
8271517665
8860291222
7991731581
8448724602
8700664735
9717785448
7503846165
8448952683
8130662469
8800104460
9867555854
9152419686
9892020475
9632577507
8108377773
9987250877
8446561636
8879913882
8108204212
7303055937
9544110835
7619404756
8971527103
9567393702
7719987504
9076302857
9540519383
9716585925
8692053286
7483107644
9068300459
9538712044
8307614561
9968053544
9259609109
8800209636
9892056768
9445290175
7428478543
8826260832
9034661968
9664684894
9869713946
9916599344
8765195618
7208681567
9137792249
9643224028
9821876442
7977720766
9892086544
9992127585
8879639193
9769622717
8082004794
6361371849
9324564673
9811296404
9893988035
8655753436
7827343414
9740283600
9930203361
9560148340
9594474403
9773225601
9716509168
9886334545
8930300990
7977780732
9870563876
7678008617
7777075215
9986307133
8712345679
9711565509
8377088538
7506342426
6280991613
8826217103
9892784761
9650389501
9930747206
7319885872
8709648437
9820122664
9870366440
8828145949
9663515652
9819466796
7666346732
9167316407
7349276106
9052620002
9579107083
8422932009
7827472371
9869312777
7025012362
7004403052
9015195224
8800768877
9818180150
8779838602
9833327128
9819995767
9930307125
9916386706
8355901865
9833877950
9819813194
8123407529
9920551006
8291144725
7738096675
7506758649
9483537719
9540045790
9482525254
9833137169
9920822484
9819201160
9867057290
9820529066
9044279597
9901833778
9145454635
9060012567
9769140227
7798724441
8356926329
8369807171
9867634051
9999818679
8373993223
9920060179
9582003491
7836826101
8850380287
9716244444
8210992946
8878411774
9873442160
9811467040
9004577666
9740042564
9892752840
9990943008
8077665223
9773615978
7827770833
9899277594
9320903959
9990520610
9916431321
7351845901
7500001888
8123543075
9999499738
8879635923
9945817997
8860820896
9650675543
9741498069
8208159960
9131475532
9611669670
9899855172
9793416923
9899968699
9819267205
9910021061
6379996942
6382490046
8700346344
7718941874
8010993012
8197790490
9999352584
9665612812
9370990529
9811483770
9483203334
179036425
8879132255
9588268593
9845593200
8356997433
9811051743
9553413026
9392310285
7666120549
8123722279
6362519845
7903289582
7703918183
8247897033
8527838589
7022983895
9540759133
449163626
9164482729
8376936576
9818854756
7906207826
9449540832
7977886143
9652102343
6360162779
9162976336
9911572542
9611294469
9667041369
9999512364
9611775488
9971777927
7982465507
9953006938
9319667852
8373936981
9354496639
9619508238
7506115038
9319673440
9811047145
8708051525
8745973223
7065110652
9958139068
8826297347
9769465309
7090979808
7988271877
7459002393
7763938331
8227924035
7093851353
9953667834
7042672141
9916694819
7557218107
449176668
7639544911
9916454215
7999992181
8660351904
9004115884
8892843780
9013874886
7838341834
9650650309
9759960341
9152116364
9022202866
9560693359
7744953740
9773949018
7302106800
9457849450
6397925275
9643780702
