9535012723
9611898900
9886300333
9880623644
9886846304
9739869190
9986211973
9886099215
9480352868
9844484938
9980505016
9632724523
9844237438
9845819327
9739904057
9844348676
9945690291
9980350512
9945044770
9629798109
9632215060
9739165518
9741411260
9535364996
9845499054
9740461965
9535279704
9980512766
9980491191
9986982051
9986770059
9972857588
9481030702
9980668068
9036776883
9916384259
9449994967
9349065942
9742765796
9886673862
9739481948
9886037616
9448997401
9008432950
9980566792
9902290864
9986389628
9480013510
9379699673
9886837769
9611110136
9880843364
9496331106
9739008324
9986327665
9972961417
9739745420
9844561337
9740455255
9601263150
9953426375
9341757481
9916421588
9886971316
9008655881
9886703638
9886866539
9686280284
9998160032
9916120712
9611318396
9886703665
9740680886
9538229076
9379168668
9242769147
9972756150
9480592518
9369847015
9986195884
9916431977
9886049703
9986189172
9900798024
9590734590
9945403598
9742569277
9379105127
9342658186
9945494589
9980466165
9844527522
9886581798
9480294808
9620368051
9844546525
9738481735
9845038147
9986629209
9972096991
9986878238
9902068957
9743794848
9916767143
9986702712
9742909293
9916956039
9900691266
9916994529
9008467073
9844679733
9986537465
9844373944
9746119454
9986919155
9901528587
9042040850
9632589000
9686553371
9986187266
9448303050
9886408257
9739309942
9845270038
9902763232
9845289132
9986636763
9632225175
9535111679
9986913067
9739814459
9980161288
9480665600
9611055338
9535232181
9845688418
9620184072
9994676888
9980992894
9902556971
9901796552
9916563968
9535367390
9008088121
9611583279
9448573364
9916620701
9886290447
9951770884
9980910681
9886328990
9676759039
9686099554
9741914157
9916380752
9986870739
9341147757
9663070091
9880224455
9986040919
9448826633
9035388215
9900606955
9019899848
9731380787
9916242668
9902995705
9880961713
9972457008
9008030933
9916959160
9886639907
9980524564
9886773027
9743017345
9945539963
9481753157
9741351080
9844095701
9886934156
9448180201
9620203494
9964410518
9740449252
9916087297
9342013741
9742074159
9731650957
9845485936
9886049727
9845083363
9986671560
9886933617
9886947067
9611781037
9900333938
9632698434
9844389525
9880112944
9901533199
9741413700
9535778020
9740340601
9448526826
9739134036
9986717588
9972190816
9008803567
9590098900
9902928396
9973515260
9480773870
9964222039
9916366519
9844738661
9663321654
9916303728
9008623111
9886303853
9844932381
9449478039
9611984734
9964667178
9916003880
9886146840
9620250699
9845652976
9986480430
9986861811
9900968687
9916463208
9739657431
9986486138
9886908210
9880145065
9008837897
9844558053
9972494745
9535591457
9742048403
9739026555
9845870490
9986418282
9880977472
9964884612
9986403221
9535051666
9739111265
9845336859
9916961213
9743111523
9743312721
9739644959
9916336658
9036521947
9449056113
9844292648
9379405356
9886419210
9480507430
9902709120
9243029821
9449766581
9620346993
9886554994
