9916428762
9343044774
9742103806
9739672955
9945744910
9972204211
9742129849
9901642319
9742509633
9715731653
9742668212
9886875656
9886262674
9886847765
9886300728
9448768839
9964408450
9008901910
9659310412
9980011631
9844995418
9964558740
9008150127
9008728687
9845726622
9482010082
9880155690
9863243380
9886020958
9448003366
9945974456
9379073725
9945962487
9986927268
9880721862
9480141095
9902885057
9611238186
9481538001
9844577040
9731752385
9738286013
9844967216
9886107775
9886077426
9945336803
9739949672
9963510694
9945999997
9632155773
9986609442
9343262229
9986432575
9964119807
9945159895
9342917399
9916211543
9008066776
9449064404
9008985599
9886415729
9945165353
9480110475
9379196316
9611255668
9703140790
9845802789
9818148561
9886428394
9901810063
9886818330
9886868430
9742181665
9740566522
9845219265
9886547410
9902030118
9343468904
9880845828
9740200943
9880652376
9980137525
9845538831
9945762769
9901066684
9611238262
9980279900
9448412407
9900484468
9845205150
9980178581
9845718553
9964504814
9901852655
9986923825
9620207634
9845883745
9022701074
9943434219
9740040098
9964015101
9880701345
9945615076
9886403421
9663313141
9945445773
9916352678
9916442512
9480706876
9986211689
9663763605
9481483710
9980938212
9845825005
9902856870
9677240073
9986949677
9620210039
9342499086
9900917284
9341361936
9916137316
9916396847
9886224580
9739668467
9845391816
9986931204
9980046853
9986368543
9916296643
9242305389
9845405047
9611840043
9731995239
9916478871
9986997050
9844436644
9886495673
9242907017
9379131789
9742729784
9739665581
9739324871
9900443005
9886243901
9448489914
9448858056
9242505607
9880974911
9972657982
9916567424
9686273637
9886851536
9986835458
9880957286
9986398144
9741577955
9886107650
9845262041
9844621946
9739090286
9379021714
9886496494
9886356478
9632288773
9986629256
9739973941
9945480043
9742128743
9008834957
9743377456
9741539884
9448374384
9739672404
9844522996
9844122338
9373535335
9986764980
9342348248
9442581212
9886248607
9886973608
9611242242
9886003623
9844661026
9943595317
9742803801
9379007660
9845744492
9900519994
9886790198
9741496653
9010945181
9502303031
9986733681
9845287222
9740525706
9844613953
9886990696
9886195844
9916516514
9886319156
9739214991
9480550127
9880717360
9731169275
9742935370
9341888011
9844688026
9902887731
9480081129
9290878878
9886579544
9902590260
9986952393
9986671413
9686111117
9916487280
9741172000
9880041306
9845007981
9880915736
9448485099
9980137728
9880572250
9741560560
9901136976
9611484895
9620959936
9972188972
9886711569
9986004453
9449472954
9845990843
9845954450
9980428294
9844361078
9900439199
9731996048
9740200911
9845947146
9900439381
9902787974
9945543422
9390143501
9886557259
9916198196
9886158489
9739891959
9964270079
9739872539
9886290651
9986081089
9743028776
9886437302
9686913922
9845570219
9943791701
9916949652
9448032845
9886929311
9844537459
9901292659
9686666554
9980679475
9916963286
9611533776
9540145789
9743292968
9663380798
9663361326
9880222021
9008225844
9964836756
9739999935
9880950158
9888666297
9739394939
9886781603
9740077753
9945216522
9972667612
9945130113
9916444170
9739003782
9008612269
9980084118
9740079785
9986030047
9844093420
9845132531
9986706692
9902985817
9379555673
9845092409
9449494204
9379702429
9986884483
9611842715
9739363562
9873335922
9980133012
9008485841
9880561687
9449252194
9886038873
