7838869598
7857825197
7870012793
7872686912
7877697023
7891302988
7892285112
7903165860
7903773290
7909039937
7979027634
7979027634
7982754655
7908649753
7979762479
7988653487
7999999827
8033420402
8050459959
8084301390
8007903528
8008077283
8010063871
8010579061
8010614146
8010627256
8050232472
8059832831
8083667796
8097338997
8130895320
8130943720
8108007221
8126649274
8130012472
8130116058
8130226326
8130268326
8130672874
8142249934
8168836606
8178007526
8178405741
8178567721
8178710436
8178892194
8178909892
8197895833
8199914171
8209656696
8207687014
8210065618
8210776617
8210733444
8228957970
8233334584
8240243034
8240880239
8249878636
8271787980
8285812805
8287959830
8292357857
8294819202
8299405252
8368232494
8368025354
8368338735
8375049825
8375068305
8376928988
8383940058
8392958513
8471045777
8420934744
8447120925
8447296455
8447322196
8447620098
8448084036
8448246457
8448345216
8448380638
8448486206
8448896204
8454024568
8527490304
8527699087
8505938829
8505957876
8521318939
8522051600
8527799881
8540900112
8578875998
8585954575
8588032013
8588818370
8588872132
8595459858
8617033577
8651691760
8657606379
8797840777
8700064247
8700224344
8700681109
8722224880
8722423937
8744057836
8745010112
8766204704
8766353735
8777713692
8789174757
8789502662
8789680249
8792141459
8797016531
8800745360
8802292530
8873459672
8894348749
8800495188
8802106994
8802919004
8810354186
8825101560
8825166962
8826036710
8826349670
8826358990
8826367491
8826500904
8826701241
8826743317
8848019693
8850220742
8851051762
8860441568
8860704421
8860849465
8861053752
8877734805
8877777404
8882080304
8888822442
8898930106
8950701549
8920737029
8923382594
8929889434
8961613329
8975459444
9000200903
9006575850
9008721235
9038914632
9000541037
9004858690
9006019246
9006133324
9006540593
9008746357
9013496492
9015278650
9015308624
9015430314
9015486209
9015652606
9017784590
9034020309
9038237477
9052394013
9064353006
9065240526
9069838248
9083776076
9128638194
9100574546
9113434486
9118593583
9123470913
9135465832
9135546093
9137161700
9145177812
9154996853
9164893914
9168337768
9170749403
9182082649
9212433992
9205224266
9205659663
9205688066
9205929052
9210334517
9211419495
9211635603
9262368423
9310092627
9313887166
9304409217
9304681352
9306141581
9310234703
9310271574
9310380675
9311214610
9312468632
9313333556
9315153104
9318426939
9350041047
9350173137
9350340138
9354624686
9354994866
9355086634
9411402360
9430210334
9473433342
9409600232
9410099102
9416079090
9416781502
9425024761
9430951173
9431208990
9431275585
9431663776
9435599702
9441007119
9441224192
9444423897
9454736823
9456800957
9466730152
9467516280
9470091200
9488461093
9504498036
9555674275
9560076232
9560331490
9560983934
9566222886
9576315837
9582133995
9582476132
9525046952
9534917954
9535039015
9535611724
9538716546
9540058825
9540248166
9540411488
9540517698
9546098605
9546381824
9546381824
9551012409
9554666897
9555487806
9555638106
9555720098
9555738810
9560077438
9560240854
9560245489
9560508388
9560538464
9560543151
9560613392
9560745574
9560849338
9560920001
9561983211
9570420706
9571764602
9582025213
9582092905
9582097919
9582101088
9582462112
9582724893
9582799504
9585425372
9590831764
9595692113
9599010266
9599051117
9599159571
9599311673
9599410046
9599437226
9599480529
9599550985
9599832202
9618888361
9619374236
9619426817
9632679944
9650268382
9654426297
9600154412
9619914280
9620126881
9620886204
9631608924
9643047992
9643260408
9648904249
9650010594
9650035019
9650044594
9650149771
9650240332
9650311111
9650350783
9650516313
9650565324
9650585663
9650619202
9654073415
9654316662
9654331285
9654378259
9654458764
9654607939
9654613602
9654856475
9655646066
9658692223
9661250474
9661819503
9664358625
9664871191
9667173378
9667223381
9667696418
9686685610
9686819679
9699852454
9711333338
9711548483
9716511368
9787476989
