7827731685
7836080348
7838151619
7838151634
7838151682
7838203644
7874762100
7877778992
7903323354
7908649752
7940059704
7982006170
7982337857
7982705939
7982752105
7982770895
7992386987
8002946020
8010133118
8013688791
8050190177
8051022775
8067602967
8067873101
8076171968
8100419300
8108249831
8127890637
8130027893
8130152251
8130330707
8130522678
8130559876
8130825459
8146257311
8178044713
8210902123
8210907604
8250388416
8279990975
8287296603
8287493325
8292864914
8300053656
8335079473
8368210730
8368633019
8368662171
8368836620
8377906793
8390962329
8395989820
8447225745
8447513909
8447715794
8447756101
8448867300
8467914684
8469708815
8501059559
8510099841
8527113480
8527263972
8527301923
8527589950
8527597149
8527597187
8553607862
8586042653
8586969976
8588824301
8595054158
8617203697
8619650057
8697487283
8700984560
8750525535
8750695602
8757915276
8777473299
8797949744
8800114676
8800296126
8802700929
8802980217
8810544282
8810634223
8816893579
8825197996
8826017248
8826028224
8826179960
8826703839
8826921545
8826942006
8826981907
8853885757
8859787626
8860075676
8860194215
8860446240
8860629303
8870816016
8877454612
8879180121
8879373322
8882123126
8882267666
8882603122
8887568246
8910467352
8920911979
8949072071
8960505086
8969176134
8976951531
8978147979
8978746111
8979862423
8981880453
8981958995
9003577546
9008715781
9013169098
9013262753
9013262854
9015027108
9015153170
9015851819
9023702266
9030083596
9031013506
9031668871
9044519391
9047048543
9050006826
9060502572
9065089173
9071345752
9082683741
9102958512
9102986328
9110971733
9135625940
9135777652
9149327955
9154191930
9161865310
9162092642
9162650610
9163092877
9163362316
9167038612
9167131036
9167410881
9167911432
9172987746
9205274110
9205437386
9210064791
9210064792
9212370262
9212475702
9213417258
9213881415
9215287847
9241194133
9250969600
9266573357
9268379292
9300819433
9304108339
9308545132
9310249028
9310382392
9310909659
9311669745
9311841136
9312481180
9312811545
9312906763
9313139640
9313204401
9313631892
9318348105
9330905088
9330907619
9334918355
9350007580
9350133840
9350372740
9350658873
9350868372
9354291267
9389742460
9430954786
9431285663
9431874051
9454936127
9461113853
9462797111
9466057196
9468267810
9468886659
9472203859
9472525393
9473210370
9473285984
9473333159
9504237755
9507021525
9507959976
9513426847
9534095441
9540071239
9541577171
9546686478
9555034045
9555137620
9555927228
9556668252
9560037980
9560598856
9560667301
9560900810
9561462202
9576317194
9582229950
9582648448
9582807524
9582901595
9599138389
9599657263
9599771625
9608774379
9625202704
9638666777
9650052180
9650057918
9650925441
9651132312
9654100247
9654196175
9654353741
9654491438
9654500121
9667607077
9670344101
9699955549
9708231137
9709819064
9711074594
9711204272
9711310291
9711350409
9711716262
9711860606
9711868793
9711909681
9711918552
9711962996
9716394242
9716438021
9716440130
9716832227
9716832427
9716837124
9717200417
9717248169
9717279057
9717937829
9718166060
9718302434
9718416837
9718525487
9718606883
9718665999
9718807874
9718959703
9724398407
9727043917
9741092963
9748343394
9755907589
9756209238
9769526090
9771039779
9773719742
9773750402
9773780534
9779495788
9780011937
9781786020
9791162604
9810149985
9810180760
9810227325
9810289629
9810292488
9810837186
9810989579
9811168092
9811227823
9811256474
9811352750
9811412499
9811515595
9811662645
9811668236
9811687761
9811771345
9811852607
9811858542
9818235118
9818357294
9818376428
9818457091
9818502034
9818532136
9818682991
9819630067
9833425664
9833945676
9835433832
9841150714
9864152514
9866574694
9868052946
9868327708
9868647301
9870571769
9871038775
9871099826
9871143704
9871189052
9871291761
9871358472
9871379529
9871530540
9871646067
9871760438
9871779996
9871810728
9871898960
9873197979
9873256658
9873300589
9873401033
9873569610
9873608728
