9970059743
9790810019
8610807006
7550151932
9327710814
9942254664
7092171841
8778377133
9687123918
7338927675
9674317738
6297603200
9043955575
9381605675
9392673831
9674400430
8825505663
9384637337
9551009311
8788118299
6290769850
7708690130
7675947899
8870706690
8754607156
8309130834
9207802716
7756879442
9163264212
8420489378
9600052150
9309830181
8686257277
8918815576
7305866450
9941322908
7397259517
7995920705
9373186645
8608327966
6281142115
9384658809
6369735233
8098403779
9139210372
7095561361
6309336414
9603745584
9025808037
8096765398
6204994477
6383291522
9790738479
7036257614
9390222184
6309785257
9948546130
7621055450
9623775322
9884627832
7396448085
8008912045
7010910580
7871954057
8074679723
9951163192
8624057924
9360940764
9307982224
6289696169
8825762008
9062991695
9030409524
8367529475
8309334563
7358767751
8767221561
9564590825
9489845818
8838424827
7567005984
9940138184
8309461621
8961392035
6354881203
8379073198
8777243045
9789319868
7249345106
6385263093
6309728910
9361238951
9427884803
8220136369
9094153167
9850662673
8309803886
7874987015
8143123560
9640666042
7460852858
9963027197
9176784793
9940267965
8124054686
9601668219
6303746788
7449020541
9962296013
9121780445
9884981466
9952062069
9789894854
6380788994
9000279119
7600119884
7020118205
6291192709
9748168497
8248129107
9573147180
8297133616
9440735881
9391268860
8910031526
7038691299
9677122530
8766980502
7092776848
8910721950
9566275376
9884538612
9345455792
7904686132
7639988575
9123078953
7729099679
6374128659
6289084541
8825565963
6265628914
9514264104
8925623195
7659859225
8870332406
9865960346
6379890230
7980389476
9666316531
9551925707
7397424847
8190963274
8885430802
9941789067
6290678169
9903725637
9334990067
8667455967
9047463514
9265879089
8910071671
8328485213
9943153348
9963119382
9042360935
6354807304
8980323976
8420814959
7448421642
6291988252
8704679374
7871609422
8019787456
9502488180
7358232545
7358695255
9043688564
9000919059
8925474915
7318386265
7600821985
6383699097
8735805237
9322001374
8017818146
9381616310
8335886863
6369810696
9962513143
9441009187
8240929528
8910629599
9962125741
6359350365
7439287938
9640636912
9123076886
9978394177
9322054282
8420138012
9318425338
9789461094
7995873278
7338787095
7317321148
7013910627
7600549542
8585850077
8978250851
7016381799
9704925698
9677181120
8309148415
9370594219
6309594842
6290297076
7358095573
9360735725
7358298026
9962664627
9092152640
8328442629
7096705721
6354857627
6309282753
9789844095
8709427820
9629591457
7091567403
7096433486
8428721402
9325204514
9360790484
8454830341
9904914806
9831479513
7708749794
7981599837
9830721815
9998399625
9515445233
9121813509
9062825246
7600662799
9080170190
8780746995
9704331640
8190865557
6359130373
9361500109
8240370758
6289960139
9195297164
7449275885
9994684710
8919736768
9551038226
9010130982
8790560231
9123000371
6379255418
8777328232
7013759112
9177421345
8939279666
9361766424
7397277541
9182386070
9700547517
7028950670
8249730397
9866381962
7287818722
9157714528
8583973292
7358277717
7569318805
9325851028
7904407379
8056036269
9345234119
7874510470
6304882730
9959798561
9515449094
8778916845
9408144808
9657581555
6309560501
6383823457
9176093745
6353379371
9265128438
8072995389
7569886760
9843309124
7095657641
9346599103
9941698882
6355241477
7569794349
8240783764
8754860688
8961553978
9866943131
6305493390
9150443879
6351564897
8825662737
9948226351
7093974096
9156196809
9307879898
6290439817
7338946992
7439632670
8770223383
7867805072
9176295635
9360397298
9600185549
7767947165
7305643578
7815864291
9701984154
9392889204
7995162526
8697032731
9014613231
9176302322
