9845846858
9959559195
9036244610
9703003643
9036223947
9448830944
9900214085
9036980788
9342125115
9916443566
9632775366
9243036781
9663699070
9480108134
9886029531
9886695645
9916556462
9379154215
9176101188
9740199344
9342321544
9742092384
9916468275
9740439627
9730033729
9900809578
9880305770
9846982266
9980355355
9590774654
9986508640
9901476541
9844478010
9845747625
9738341680
9980814850
9844013543
9945428335
9986313488
9986174899
9036642251
9945173733
9964368226
9632141555
9019191858
9739263241
9480004474
9880405470
9742178124
9964677240
9742486303
9535591921
9886242042
9916233950
9739366804
9740022248
9886377126
9008095685
9844053364
9341383273
9611130917
9740098303
9886789871
9632880880
9986624950
9900219338
9886811491
9742042745
9986814821
9632776715
9911098170
9743890966
9164489440
9740927045
9632770292
9448905710
9739800865
9731037215
9886080320
9916653279
9611127704
9900803434
9632222228
9538216588
9741011669
9886374259
9886588573
9739064126
9902358285
9900745869
9845076710
9902948208
9423037932
9945266377
9964700918
9900145533
9845720588
9945598190
9036007971
9986366030
9994588338
9845240545
9342186954
9741913190
9916929407
9845531772
9980361274
9535034899
9886660459
9886418488
9342410338
9611882018
9241480623
9495902619
9052022077
9886465830
9008388331
9986138761
9742917448
9980308687
9036800808
9379196447
9740449416
9845762768
9605001717
9738557800
9845188924
9900446979
9964427057
9916704503
9449767638
9036337067
9900121900
9008716248
9986746358
9901989234
9738114924
9342926843
9844244541
9632541089
9686347770
9449131921
9036277172
9008720124
9901907833
9590466479
9916902903
9481276887
9986202649
9019237215
9886457618
9538319108
9916938851
9342636302
9972981000
9036961708
9845577160
9742883249
9916536108
9739279558
9844991431
9739054505
9611975785
9620402455
9742250106
9449362532
9986992695
9731591899
9004161904
9986425850
9010061299
9241653178
9844950094
9986935554
9900579940
9986179227
9448317309
9845927660
9902588429
9868558658
9964036980
9449064125
9538320122
9480285981
9916374313
9379943691
9980344180
9880911061
9741021096
9036821346
9741351061
9901808776
9538249115
9738214451
9449509936
9739057588
9755920154
9731315113
9986597344
9742094224
9620554577
9945124896
9008950388
9742347230
9902188339
9741305175
9164000976
9916491105
9035191719
9886024007
9164298277
9886752794
9916286954
9902787128
9342431922
9620940710
9886026831
9900953062
9972206327
9945720808
9916938524
9739073599
9900907445
9611055189
9739593157
9535276289
9986306290
9866854723
9731947000
9886148541
9036391413
9916906277
9844383086
9241782341
9964999415
9886466473
9482009050
9342160410
9164140778
9535148138
9986428204
9535514485
9481128103
9901453978
9481194634
9986573909
9341041908
9916405886
9986039602
9986795611
9845029157
9962959298
9886214414
9739048650
9742140653
9945597553
9886751252
9741779045
9632330191
9738217602
9741495148
9902300993
9663398073
9448682721
9964294330
9739317806
9177665516
9341587190
9731355411
9986444754
9986004979
9343083751
9448816562
9214441255
9886208623
9036523215
9008097799
9886139973
9886446870
9986077871
9844120390
9986192255
9008377411
9886718425
9738479242
9972206411
9916450962
9449206656
9731163215
9590140042
9844963464
9738123668
9036129974
9980588006
9916340253
9964303338
9886635195
9632861555
9916562999
9741223419
9901909427
9742570723
9986919293
9379102219
9480016360
9739661433
9880140056
9900847119
9741805758
9964807810
9980004564
9964730385
9980475148
9036964931
9916413624
9844705815
9449321480
9886555965
9790914192
9964274971
9027083893
9986960625
9916710138
9620370334
9916025657
9620859845
9972901898
9343908807
9886158999
9944309469
9880391569
9481060521
9916104553
9731120166
9916958904
9972850200
9036600202
9449758737
9900643559
9880931109
9900557469
9448913183
9900118661
9972218427
9886252545
9019223127
9901321651
9731449947
9738514865
9885493942
9535113433
9449404414
9538446904
