7348964693
9336173952
7058875281
9449416813
6202475253
8888653965
9920591556
9818939009
6370709798
9769122230
8078104143
8369439318
9833582757
9911379668
9845164195
7499082220
9810617158
8722880033
7404769949
9319805701
9058992740
9004468119
9945682533
8660129147
9250742372
7055895497
9560331358
7674968561
8884665915
9380879680
9310505675
9801807400
8424957628
8422040018
9082780517
8827951481
8595951651
9587871600
9582738498
7217689130
8779169681
8220978814
7018398814
9967404787
7355249718
8376857328
7217874021
7848047680
9112180763
9901461466
7827535356
9019254138
9035895323
8050597218
8898881405
7303593027
8291749165
9029842226
9035674999
7676637423
7042081908
8309548484
7620272506
9071076097
8447338579
9820084711
6305886253
8445785659
7558575956
9999809264
7899349354
7011877352
9740358863
8978891404
9129603359
8971300383
7411704257
9972248431
8369089538
7019519751
8591081613
8197681726
6360742197
9136211906
8606203067
9205218098
9211911002
9994506605
8390323846
9326123433
7977630969
9945029969
9987596738
9611276027
9967418876
9768580135
9870073727
7002507455
7906428434
9380455782
9625631069
6364045188
9844435073
8448405437
8638132935
8111982213
9650324509
6363047159
7026171484
7045595378
8310907225
6300009370
8879229634
9716407268
8309961404
8860171216
9353513871
8917763329
8867336672
9676116118
7617648396
7982424896
8652254628
9321984663
8179548372
8355825571
8169160185
9324524424
9819685442
9205174035
8861628667
8830482780
7483691810
9015292485
9148930622
8178205595
8879027350
7012163250
7483289700
7738317481
7483557976
9350983451
8310451087
7760726535
9702780502
9008084124
9560366782
8217413827
7207403033
8247448719
9599096320
8340486351
6366277839
8800580320
8530010176
7760461733
7666220635
9535541049
7760326097
7303944529
8108212700
7060241819
7304286974
8779641787
9739607658
9920780818
8898942202
9315022620
9148122961
9711057686
7483343980
8076431963
9834065749
9598624850
8447333939
9324772410
8369260616
9916447539
7760363154
9769597416
8377866110
6376014037
9619163426
8431308017
8088559644
9885740597
9730361422
9108958141
9980967372
8747818815
7483707368
8766263562
6363519199
9014960898
7899515226
9920089265
7667998593
8828930918
8971254992
8655307356
9999591944
9535765068
8652279377
7838043140
7042412572
7022780693
8850024435
9818535265
9769003940
7738042652
7905960698
9318446621
7619694892
9535784013
8373971617
9902127135
9819428452
9372334863
8310847502
6397853797
7011370415
9150785814
9597239137
8076370142
6361826132
9605235814
8638244672
6362149824
8178237887
8496968403
9366151879
9035790998
9391354623
8169361259
7338052297
9994287198
6260968994
8897452980
7349579823
7204068558
8618195831
9136218911
7042267018
8454850794
7701936349
7355545748
9112350979
9625669114
8073395016
7406450087
8310249203
9833019852
9324570711
7337644931
8217005603
9209319557
8368220315
9871098215
8105107780
8217264962
7871020292
8088444432
9916400383
7715000132
9773130208
6395681132
9019219529
9164657933
9315479298
9112929245
9185109532
9136788481
8660105873
9148802515
8286322550
8497030860
9756293027
7975612455
7559423406
8810250260
9742475476
8105641746
8050097920
8400441118
9845829107
8755104496
9354105877
8104684484
9163511344
6302471530
8660621365
6267525418
9015934406
9908764034
9326884772
8073114468
9136218705
9902637787
9019275801
6363433526
6305247507
8867944198
8369296454
9682578501
9315545501
9169314608
8423933062
9573949641
6301004779
9137293423
7977604635
7409757277
7022700372
9044060756
8618101458
7356804479
9326120804
8867060919
8425080572
8009582446
7829745506
7900009931
9148406717
7411464556
9947952664
7619613125
7208628687
8296036466
9920737056
8287281103
7676677482
8630075349
8448211048
6260968004
9036389186
9693908566
8861331318
8951924385
9741552055
7021374694
8869901334
8867430877
8171780110
9916032200
9318373461
7013628988
9818076836
7892718858
8850333969
9058913922
8287737993
9686712660
8660979936
7892900400
7022700327
8310448891
8077440378
8588090724
9654672029
7795804403
7351989805
8550886725
9446834231
7042117870
9811937482
8287557185
8073708104
7662971702
9634099731
7045071709
6366706726
9913739987
7483284343
8169749669
9591217941
6363819047
7996007599
8217422703
7263976937
6305323773
8928773980
9769455519
9599037374
9321633567
9591430072
7666730065
9113963767
8286627541
9964315395
9892381872
9320710356
9129788573
9980727136
8867288745
9588578845
8838507031
8828152458
8130876082
9717424116
8652365917
