9663790582
7021654582
8095971842
9148756820
9535550908
8073272046
8296492938
9819493796
7667854787
8080658102
9969409803
6360697393
9082541880
8971161301
9581286613
7022351845
8291588290
8277768480
9930057593
8522934434
7406421216
9987435320
7977949775
9821773574
9354015117
8970432919
8958702685
8524077051
9003618788
9579062528
8369044070
8105332906
9448003987
9353990874
8072599140
8610626678
6361283554
7483202491
9739189104
8355894813
9035566185
8431851030
8828249507
9990923506
8860875175
9560918622
9137768116
9920560143
6201131336
8279353549
7624801191
8097155307
9987883976
9999954294
7678155660
7979948933
9619721268
7709527140
9049223173
7039539640
7700024799
9148393980
8431772590
6384212013
8779255426
7011008234
7045533971
8779629869
7829269363
9606745166
9980956641
8700591916
7022210920
9886858668
7411346698
8108053494
9686216595
9702502399
9972910376
7019564337
9182828680
8975368728
8790309488
7021346867
9880879411
9022970484
7387304485
9971894696
7815872178
9108562871
9967812628
9967749433
7671858992
9503848989
9867971877
9986429728
7994456193
7676812098
9372382794
8660567188
9594221373
7349679961
9886846918
6362126776
8860073020
8291514425
7796405680
8369310207
9620349013
8097131824
8657301316
7020080919
9148950128
8590267897
9663807317
8553311633
6304524624
6305022215
7428031382
8310913031
9917144327
9071491167
8454873033
7304658864
9109860229
9488766865
9582343634
8884877030
9148377646
8296628561
7039363498
9902768520
9740113210
8108344628
9353828995
8828678456
9916795994
8296451065
9980786902
9619528112
8767455042
9948956935
9520142946
8879960223
9137023457
7738579656
8285448234
9742689873
9305009003
9986183069
7204101841
7292062376
9902323137
8904874919
7039682964
8310457541
7700033029
9967794700
9137783122
9320290933
7055993204
9964416286
6363203023
8762649414
9242985491
9945051619
8590261932
8010396323
8850181870
7892971067
9535565403
8850092311
9972589663
7406124675
8928228466
7624837797
7760528848
7892667306
9538170033
7829160659
9666062962
9910029738
9113852097
9326788632
9986030110
9353673145
8076492110
9019159753
6303429230
9321555551
9810340932
7715827542
9742381860
7013986171
9380816396
7411985656
9900146167
6264528853
8971045340
9167849397
9066391992
9206292386
8296422746
8867806603
8317650345
9731209572
9689313645
7285953127
9137287533
9324274736
7619406991
8088775890
9606209342
9304443541
9892255372
9082387323
8287755650
8105354732
8448952690
8805094694
7019238460
8802271848
6263893834
9740132471
9643154285
9380009819
6363886562
7021201872
8287358894
9482469105
9945184717
9742626075
7982129680
8178810656
8826671920
9900664110
9820335405
6395153936
9731729473
7798505465
9718087330
9326878243
7094037792
7899748106
8454800235
8655565956
7549874961
9158182461
8606594039
9739887745
7406235630
8951609916
9916781563
7975522611
8217687396
6362610026
9702659677
9789582374
7483883140
8618212069
9066033670
7039974327
8861934906
7975427902
8921285704
8792058344
9980403813
8867053660
7795305631
8072731211
8169538397
9967097352
8979334047
8700819985
9702684360
7276144403
7406469224
9738882935
9014337423
9980735387
7208734554
8268040738
7322977806
8123316205
8447221703
7261020442
8104265672
8689873852
9844004053
7892842556
7303543482
8591417939
7877031376
8217332128
7210041147
8971170802
9910517193
9242336348
9743039977
8792693595
7022140205
9731430430
9167733590
6361108926
7026832243
7982140301
7887937835
9606828042
7090848733
9591520007
8544771030
7304284067
8652770021
9611290864
7348887964
7744853791
9899644886
8050567881
9969350829
8494899103
7239856845
9591995823
9555201412
9920193984
6360797698
9930160819
9164497660
9560387740
7011391188
6202793104
