9844873203
9731552635
9880990101
9884611806
9425619848
9844518737
9449003559
9611834056
9741020750
9845494330
9901983139
9740285466
9480292582
9008342286
9900475494
9999462378
9844281373
9739473635
9999790176
9741057288
9632844844
9886647824
9738369065
9916141326
9886879012
9743128132
9886846125
9449835093
9886749475
9731202513
9620419841
9740198274
9980552436
9980161600
9964217012
9886314042
9844379518
9900446239
9902758760
9986259432
9986162653
9830601224
9953034191
9742388637
9008044559
9900545710
9916660372
9986057887
9739862941
9961046880
9964073087
9900744886
9916960270
9886913002
9620688819
9972055233
9342069164
9786007754
9945850951
9845390790
9972422839
9886859074
9916969492
9731018427
9341910201
9008577118
9880851282
9886798306
9900553328
9901972961
9019225942
9916637757
9242756733
9008966288
9916808394
9845075823
9448042636
9900176916
9886146443
9980302845
9964355869
9743639744
9741027180
9900164598
9241131358
9342281242
9886068984
9980006415
9980931942
9945002991
9901777455
9916660373
9980956970
9901431380
9448537447
9964032481
9740323141
9008889758
9980137473
9844999767
9916758404
9448287074
9686517140
9980017690
9986414134
9880135810
9980999542
9449394205
9916230185
9900954180
9742783778
9008677341
9449552134
9886070248
9790391336
9739841865
9986050035
9739463532
9945660040
9880236906
9900168223
9986911277
9739996454
9902078743
9740160296
9900909486
9880091772
9980346532
9916097958
9743579589
9986579437
9845888871
9902591663
9880537006
9986790351
9916357747
9449286459
9902099918
9916968523
9844437933
9742797796
9739040055
9886647936
9789133437
9986050136
9986107054
9742487454
9481071489
9632433221
9611164039
9003069230
9632466811
9886110296
9845577541
9480409700
9902327168
9972123958
9945724123
9916922898
9880571167
9743347704
9019561803
9845268300
9620254946
9740123848
9731264580
9731371171
9880073885
9880286655
9846244107
9632478399
9535219636
9742219834
9827186256
9341974660
9008014168
9341388887
9902735516
9620266314
9632925058
9019837328
9535136958
9844320649
9845565367
9739155932
9886894986
9370100125
9008027269
9164009188
9942543720
9379602766
9603207274
9343999901
9986281433
9620202569
9844369554
9900790807
9741104801
9916513684
9986639369
9923199245
9964038947
9164152621
9901326812
9740417732
9742668972
9741214828
9986564706
9741342424
9886162791
9986501949
9535326747
9845851112
9008758048
9845834615
9627201860
9731200016
9972473262
9844227815
9986647909
9845954433
9916540861
9986007410
9341377098
9449403564
9845974793
9980030823
9611993990
9980822771
9986314943
9342862052
9739588987
9976568222
9902803218
9886815654
9886086189
9449836078
9740151793
9368280643
9986434283
9846859763
9495309570
9980308640
9886422458
9902700933
9902924929
9964550391
9791410584
9741310411
9611104955
9972607356
9986156064
9945921646
9243488879
9886635848
9945607908
9886904893
9845912559
9945311555
9986537357
9886243384
9743179848
9886334499
9886636304
9650035552
9743319249
9980058512
9900289379
9980219320
9632504452
9844664845
9880124824
9632679964
9741481466
9611343733
9663878492
9886931133
9945346104
9663315944
9986716737
9342972880
9916101407
9880244446
9036148286
9448417505
9731601260
9886980372
9980931264
9448161266
9900480354
9741322553
9901854939
9739183952
9740327815
9742090788
9901119354
9964187449
9886469691
9880338742
9886174408
9964741161
9945658851
9739977329
9739981575
9746454428
9880535353
9741408784
9902555657
9945206631
9886297696
9900733168
9902925975
9880363241
9964070342
9964272759
9880433629
9880473996
9590041149
9481471238
9740076775
9886521896
9243110874
9242766636
9731833553
9338629166
9379107432
9686271008
9886292099
9619440204
9742574191
9986218122
9036700203
9886227927
9902825361
9902555883
9620203446
9900669122
9986756218
9449649460
9590804532
9886392016
9741638322
9342555103
9880431498
9980654810
9008356805
9620142501
9980677732
9980960911
9880931655
