9243015768
9886459563
9343787919
9632582898
9964026154
9632124816
9739328356
9449232956
9964706286
9036132591
9632418926
9980598085
9902026625
9986566887
9663952265
9945430179
9844954675
9986214184
9742825955
9880914396
9739444458
9962916520
9611133641
9844616278
9481202068
9986033291
9741266477
9986731262
9886220692
9700223380
9900838327
9886715024
9886904186
9611020137
9742270771
9986988789
9741779729
9449156604
9741377011
9008166494
9480158482
9741177049
9632498691
9900917287
9886112564
9663368276
9880060476
9480215587
9986983671
9900980504
9481193056
9740517638
9845184796
9739007833
9916755986
9844227486
9742829852
9480106038
9343418296
9243027938
9880088116
9886447457
9342945816
9901654017
9980178392
9886351992
9880309808
9740689000
9242656942
9740120407
9916670499
9446412428
9845033710
9738481854
9742826135
9901047394
9742405760
9008789001
9845580704
9886627675
9901808605
9036300312
9731728978
9986743024
9739728933
9663312135
9341666076
9010491934
9972096368
9986871509
9986389496
9845731201
9880752648
9880876353
9916251520
9503155311
9986596209
9986382990
9901959048
9611748467
9611909109
9986870292
9912722344
9986768753
9886045247
9880480972
9880116974
9379101456
9964281453
9880960835
9845819096
9743701694
9886251953
9008355455
9880870520
9845602308
9945449414
9986959041
9886269898
9886950770
9886500146
9341341897
9886536145
9611669182
9980597605
9944802443
9845802565
9964585459
9886867648
9886560483
9878970963
9844744044
9980571684
9916250084
9739012725
9449405621
9886086058
9717640468
9731502086
9739723036
9901850302
9880843871
9916878598
9242414305
9844606604
9902932515
9886219178
9845718250
9342338714
9902586366
9901972616
9886470249
9886100922
9964969992
9916316811
9900507979
9886516590
9986648827
9964865775
9742083973
9481500689
9008779880
9886138696
9731794000
9886052677
9448273021
9845820480
9886499906
9886690355
9663677107
9916040152
9632224433
9008922880
9766648917
9844549207
9880303737
9663563602
9619070809
9632176556
9980596843
9535204991
9886304135
9900257970
9741119982
9886981522
9618718013
9900806927
9844895795
9886203521
9986828970
9986675232
9880929872
9995056026
9845108976
9980569808
9980999706
9019443755
9535205211
9665025251
9886744741
9740388128
9844777808
9986064206
9880528916
9980826982
9241758607
9886244025
9986703750
9846056090
9986503072
9739864778
9742739743
9886285902
9900133001
9379011648
9916657840
9844897118
9916179745
9663306036
9886616337
9900590263
9886781286
9986372310
9731400325
9902767967
9611329916
9972741799
9902300770
9900564219
9886615873
9739010821
9980760157
9418487113
9611199723
9449668568
9345410100
9986780509
9886636819
9844317529
9620202462
9986050537
9886419077
9886555074
9880190452
9008820390
9986266098
9341467416
9901295021
9845522267
9739831262
9945701467
9019236839
9986370715
9535051810
9740533393
9945845311
9620408856
9743223087
9164283256
9886384157
9739197251
9916928414
9845832964
9342376114
9632000722
9448524793
9008737176
9886933484
9449889733
9986027831
9481887328
9341072696
9945152752
9480427364
9980355449
9632223118
9620431015
9739494667
9845796957
9008674000
9902863764
9900271566
9916251745
9986845992
9663543958
9886508326
9886223172
9845006092
9886604812
9663200755
9986553475
9945555882
9845363939
9945685882
9886671593
9916342801
9449635520
9940703522
9844740542
9945397399
9449533718
9880064466
9901444533
9739897503
9739394743
9845089232
