9900115927
9916533469
9980810079
9243425651
9886236973
9916345620
9845158495
9886226476
9745508529
9844586220
9986338810
9900136288
9902929051
9448839543
9972099978
9964830721
9790720752
9965046796
9986015877
9972544199
9632560851
9886108276
9986241017
9341557617
9740166499
9739807039
9741339318
9880130308
9480012720
9611350157
9986846709
9740597655
9964170699
9739033556
9845383988
9739732430
9972555338
9845651690
9886538229
9341217221
9008002223
9739451401
9480221878
9900398154
9986643530
9740364313
9739841136
9945084080
9886429625
9886859530
9986557514
9739036622
9880646382
9900199738
9972413077
9740944345
9886285587
9916255137
9901553535
9964055457
9944926531
9886026742
9916359325
9901045040
9886081770
9902734417
9620703877
9986069508
9739667573
9902593827
9731899668
9945198577
9886844578
9986929886
9880763737
9900771441
9443250032
9611042530
9742572102
9912301745
9886628253
9986783460
9945217624
9886377352
9945008005
9916168030
9886759798
9414483446
9986154422
9880816138
9379265681
9740283767
9731456056
9886171536
9786744566
9916994734
9945632178
9916846460
9886653429
9986638765
9449783023
9448993672
9880720054
9632403778
9945414819
9448476236
9900954870
9916813096
9916713098
9916748181
9844995442
9611600334
9481108805
9886997989
9740516614
9964318445
9901176000
9743474280
9742851722
9902582272
9449835536
9740844955
9480069718
9739593615
9916448661
9448173898
9739725892
9886429798
9986942692
9844795987
9611470185
9916393848
9916555706
9845026592
9742555505
9902251069
9844375528
9880292214
9721169049
9916950140
9986919655
9480434692
9886140598
9972531848
9845345611
9901200391
9986216424
9742290211
9916662822
9741500479
9844043178
9743282704
9704111222
9986300160
9986487609
9342888248
9632685880
9731954145
9008751067
9986101315
9343686055
9677690777
9632188244
9886231495
9886101769
9986033971
9632290909
9880649715
9743619742
9886921107
9449368385
9886086865
9916074034
9742025698
9916506696
9632772536
9900542727
9916160311
9449589789
9480069418
9741293963
9886909404
9880366872
9341484220
9480197688
9845218404
9886946312
9986067218
9008422769
9916304673
9980214596
9343836188
9916767500
9844006629
9740696747
9880761706
9980819004
9480700869
9008744624
9739676549
9880842933
9951870896
9886082573
9448334991
9845023973
9880528400
9900975959
9986719926
9886504497
9900309930
9886948305
9740885586
9980676849
9777343523
9964580571
9986065544
9916952140
9916773074
9008785005
9986714468
9481025476
9916670848
9900791894
9986150653
9886758279
9480238910
9342440998
9242902898
9845051764
9886178868
9886321243
9902873946
9886663004
9880722959
9342505015
9972029501
9845723008
9448687617
9342031996
9743487104
9900578137
9916000035
9480708188
9739397157
9972958585
9880233422
9242671389
9243069395
9986240968
9916236310
9611227490
9242449236
9632316672
9480247200
9739440344
9886752707
9731427143
9448999279
9845911052
9632135999
9731754157
9972215781
9632722992
9945301175
9242411033
9916742141
9900168883
9986738024
9449211809
9632556677
9849550416
9242943793
9739146439
9886859068
9448808090
9986872465
9986876723
9008036257
9739060311
9886451035
9480212120
9980687119
9886681058
9902991981
9980559873
9916257261
9916909403
9739032027
9742024426
9886593475
9242715422
9886816220
9342485850
9986206965
9986091296
9886132444
9449638546
9743437750
9880315552
9902956874
9980493010
9731310217
9739766275
9900477663
9901305216
9739027021
9946464253
9480117011
9880017292
9901550505
9886252228
9886157644
9980159776
9886654381
9611129337
9742803547
9900971836
9845980129
9900243930
9448749065
9980058210
9964278642
9916669373
9886853230
9842662457
9945325442
9886448472
9916879115
9242318636
9845265075
9740118595
9964048155
9900751307
9901020496
9886631130
9379188319
9845012345
9986724509
9986925671
9886891938
9449457289
9945440392
9980995924
9008999604
9916199837
9844577012
9880613613
9986697796
9844667372
9449695898
