9560710281
9570349049
9582224400
9582261292
9582261623
9582399091
9582482683
9582768558
9582773071
9594002099
9596605431
9598070530
9599493442
9599756626
9606387845
9608959126
9619256737
9619895390
9643300754
9643553760
9643706721
9646940517
9650044593
9650085883
9650100433
9650106657
9650615989
9650726547
9650838051
9650844449
9650844450
9650853036
9654453097
9654572949
9654700395
9661127667
9666483976
9711048779
9711114798
9711511676
9711531881
9711543752
9711918507
9711996567
9712839082
9716811218
9717091076
9717292726
9717486095
9717597606
9717617560
9717681868
9717688591
9717689539
9717744248
9717771371
9717775075
9717775076
9718191278
9718745787
9721852505
9727006989
9731509185
9742810804
9748731156
9753510489
9756987988
9766645769
9768121442
9769729511
9771926073
9784435098
9785182934
9790933778
9794624871
9801677771
9808516550
9810008052
9810128323
9810132691
9810175533
9810213966
9810214058
9810214737
9810270597
9810301753
9810379556
9810408407
9810474925
9810506928
9810509376
9810544607
9810604021
9810629902
9810660002
9810686582
9810695128
9810779992
9810810825
9810886459
9810920487
9810926534
9810927337
9810975889
9811021832
9811051258
9811091699
9811141166
9811146963
9811212010
9811222802
9811277341
9811306680
9811441365
9811445889
9811526847
9811907976
9813491018
9818036591
9818129020
9818140550
9818144265
9818177338
9818186498
9818243132
9818291439
9818321254
9818372656
9818505746
9818531454
9818599829
9818664549
9818671964
9818693675
9818813964
9818821686
9818845008
9820338681
9831763556
9852428290
9852923994
9854027856
9858674096
9868039135
9868472126
9868742284
9871009134
9871044151
9871074027
9871092312
9871144255
9871161385
9871341359
9871343993
9871551813
9871716013
9871718981
9871799278
9871892082
9871900739
9871996452
9872009618
9873115210
9873161177
9873444140
9873586008
9873623966
9873678474
9873692985
9873831048
9873873449
9873891309
9873938982
9873961692
9886238129
9886240694
9886614464
9887000235
9891059401
9891080057
9891125142
9891147700
9891222422
9891420517
9891520887
9891612350
9891635880
9891938233
9892586681
9896012446
9899004543
9899028772
9899114913
9899131872
9899229481
9899294685
9899298469
9899354808
9899409296
9899510595
9899583384
9899607628
9899811892
9899839467
9899968483
9905356489
9909018185
9910046606
9910139556
9910206969
9910236893
9910241020
9910385981
9910386025
9910392504
9910438020
9910634189
9910932253
9911162541
9911278191
9911329940
9911364475
9911387848
9911777873
9911795139
9911798039
9911828344
9911942504
9916329306
9920114076
9920640087
9920778610
9930517499
9930600386
9931966046
9931973133
9934297703
9934499675
9934675695
9934792931
9934828942
9936421878
9939098338
9939191149
9939384606
9939719498
9948080497
9952337889
9953066234
9953246484
9953323328
9953392234
9953527184
9953591914
9953796800
9953820394
9953948299
9953950448
9955263968
9955957623
9958066485
9958096837
9958135738
9958141928
9958158081
9958221310
9958290560
9958297267
9958312283
9958360967
9958505949
9958850676
9958894204
9967291700
9968823239
9968922940
9971132313
9971181895
9971210038
9971271503
9971295403
9971373070
9971449551
9971461831
9971474209
9973241516
9986759291
9990096370
9990198070
9990381670
9990457563
9990511819
9990546548
9990548590
9990663149
9990712583
9990736905
9990750702
9999007765
9999076009
9999169837
9999224362
9999237484
9999271027
9999498162
9999711629
9999830591
9999832044
8291102359
6592384701
1142255404
1142255474
1143938408
1242332657
1244076362
1244076576
2035953994
2261374516
7011600425
7033025440
7061188528
7210954890
7250100193
7277820881
7289910450
7338449069
7488964916
7506716632
7503479992
7530916054
7665570948
7739140676
7720020444
7739279322
7838397536
7992281421
8002059758
8002871946
8010327533
8010483097
8076850850
8095181738
8130176477
8178700344
8238884291
8233367099
8278161191
8285856629
8298280401
8308342453
