7875284759
7972244119
8019987422
8108141671
8431293830
9819046186
7020120885
8591048529
9654026396
9739726068
8748098887
7588106342
9844864501
9496692344
9148761839
8053126822
7090122954
8970008125
9739861579
8447122957
9380082137
8104745426
9400997048
9949688021
9811515622
8928527611
9967499517
6361573318
9971674129
7829334605
7975369204
9008508471
8424010537
7700047870
6362593044
8197290901
9545757583
9497114777
8108149929
7259366651
9961741487
8660067118
8618550900
9768691304
7385819172
9193569700
8142085832
8088711039
9972924879
9535321708
9755003692
8123281825
8179917166
8828276769
7892492846
8318029533
9354052089
9058734677
9972554605
9457946776
9964205946
9536060682
9820932187
8283034686
8700302524
9945410890
9768160003
9080510141
8132027840
9620829256
9496679703
9353850854
6364210052
8307938166
9900559778
8296377284
7406786577
7011038854
9206306786
8707093610
9632228122
9108403724
7759092023
8123271972
8108910544
9643784386
7259072954
7483302348
6262528375
7892417249
9353318789
8151896902
7310744818
9321069095
9019948483
9653194467
6309869371
9137492214
8073200178
9360409442
8861461739
8818977774
8506064747
9731422684
9740070595
7676186242
7483816563
9036844474
9108291549
8448754214
7019594109
7775006135
7982345039
9130907684
9752119410
8076484214
9001317848
7038275653
8291765389
9084199502
7204134931
9880514247
9599433980
8287080244
9001261320
9108453818
7208783977
6300113182
8884171793
8447535534
8237026986
9867597695
9765421166
8838618205
9148291514
7264046622
6363955325
9315269165
9766485610
7827847207
7594016975
7829754759
9739997305
7989406395
9353301899
9319237320
9110436352
8555087469
8425815894
9811680241
7021834255
8073244977
8955699943
8496931272
7795004257
8217630948
7396510603
7042556420
8273534157
8178199603
8553356586
7349151168
9916228645
7892472096
9739255282
8296964756
9342420551
7800171691
9319500846
8971337095
9540922974
9970633442
8758276684
9110176165
9980121893
7006226896
8883366811
7302522821
8550880516
8867049587
7760146258
9673381401
6362676046
9502986985
9071584973
8855941142
9137977260
8369126918
6303541064
7385754481
7996647785
8951104695
8767515353
9967094510
8468921084
8528270631
7500930530
8999827178
7026229883
9653348484
9560672829
7406485857
9072249561
8105247536
7569956250
9665541398
8810299301
7022523388
7892616490
9997691101
9746695543
7276230510
7838644568
8857079986
9619730346
8868974978
7278082045
9611862941
7038369676
7483192582
9650547536
9540682108
8971402214
7618744525
9035780503
8602054287
6383889713
7534938713
8356008738
9833112595
7338432370
9380932066
9156144890
8291571860
9372920644
8970533090
6265217072
9910356178
7982890251
9355103472
9353172689
7975320738
9513028806
8074784154
7859804183
7022142067
9945981417
9503108070
9886608146
7318176182
7387505350
7021895804
8310932495
6300477402
9133836253
9731638567
8867820089
7483535551
9987250774
7022828068
9742405299
7899436666
9619475402
8700508593
9729971353
9844820092
9945209423
7408152247
8850363284
9686441457
7303047609
9370328409
6361444521
9513118191
8470871357
9990370668
8999276863
9148176168
7996997899
6360638429
9142637166
8851983148
8291477511
7338107263
7022528946
9619641732
8800749455
7057390055
8383848215
8135063694
9137935073
9833677228
8851248945
8880025467
9148077159
9968587757
9136295319
8073921220
9834127618
8197262766
6361722979
6362797007
9967069100
9900954084
8433718169
9686297983
8400177015
7015279633
6202070619
8296136693
9823229623
8689961244
7619421696
7738844215
9620417060
6281409054
9207411039
8433760263
6206503543
9627739383
8317323603
9050339494
9354232035
8657678795
7821007050
9082068240
8929693979
6363478232
9555280180
9322137133
