9643550938
9625634004
9988281580
9999060506
8077857401
8447337133
8077857401
8447337133
9818893173
8521616870
9810162368
9330904990
9211203561
9582020707
9958018485
8076736963
9050960093
7982639551
9763726744
9871571428
8218708025
7003294658
8586834850
9113727590
7888897008
7654635742
8677917461
9818866072
8700318796
6383524822
7488549720
7011917051
7739868799
9817680499
9470225919
8800188225
7678274113
9999670041
1244214907
9871038676
7718955557
8505999224
7678409267
6363235262
9811210579
9040355412
9625529116
7088778855
8920109245
9315778742
8824945518
1569602436
8210143621
9852923895
9049542768
9471005603
8595543286
8826441117
9711996971
9835686622
6201160561
9971038930
7667427572
8986481245
9560258458
7033965820
9711869708
9773922595
8882746347
9899732297
7003842407
9310147727
7065001137
7004158421
7004777600
9708299572
7519272422
9891833857
8076712802
9811444047
8541057320
9810620803
7678300826
8527587135
9717744149
9832178944
9820924139
7048959760
9304472989
9805047879
8376914946
8210545976
9311731636
7874444024
9818297572
7042024344
8146534806
7903224723
7889032817
9654785784
9968347725
6201211536
6202961314
6205372410
6206217946
6206263529
6207610250
6254230979
6290408267
7004603660
7011820471
7015739220
7023398232
7042024339
7042297998
7042546929
7053844825
7060645864
7088496405
7210917496
7250885847
7258035026
7259866644
7292036956
7298992302
7304826691
7307234686
7367919523
7379888945
7428018271
7428829971
7428829976
7428997275
7439512073
7503214587
7503520584
7503595334
7506641860
7506731769
7607168200
7651901836
7710039942
7717740314
7739516548
7755915992
7757862169
7781057210
7827691806
7827731586
7836080249
7838151520
7838151535
7838151583
7838203545
7874762001
7877778893
7903323255
7908649653
7940059605
7982006071
7982337758
7982705840
7982752006
7982770796
7992386888
8002945921
8010133019
8013688692
8050190078
8051022676
8067602868
8067873002
8076171869
8100419201
8108249732
8127890538
8130027794
8130152152
8130330608
8130522579
8130559777
8130825360
8146257212
8178044614
8210902024
8210907505
8250388317
8279990876
8287296504
8287493226
8292864815
8300053557
8335079374
8368210631
8368632920
8368662072
8368836521
8377906694
8390962230
8395989721
8447225646
8447513810
8447715695
8447756002
8448867201
8467914585
8469708716
8501059460
8510099742
8527113381
8527263873
8527301824
8527589851
8527597050
8527597088
8553607763
8586042554
8586969877
8588824202
8595054059
8617203598
8619649958
8697487184
8700984461
8750525436
8750695503
8757915177
8777473200
8797949645
8800114577
8800296027
8802700830
8802980118
8810544183
8810634124
8816893480
8825197897
8826017149
8826028125
8826179861
8826703740
8826921446
8826941907
8826981808
8853885658
8859787527
8860075577
8860194116
8860446141
8860629204
8870815917
8877454513
8879180022
8879373223
8882123027
8882267567
8882603023
8887568147
8910467253
8920911880
8949071972
8960504987
8969176035
8976951432
8978147880
8978746012
8979862324
8981880354
8981958896
9003577447
9008715682
9013168999
9013262654
9013262755
9015027009
9015153071
9015851720
9023702167
9030083497
9031013407
9031668772
9044519292
9047048444
9050006727
9060502473
9065089074
9071345653
9082683642
9102958413
9102986229
9110971634
9135625841
9135777553
9149327856
9154191831
9161865211
9162092543
9162650511
9163092778
9163362217
9167038513
9167130937
9167410782
9167911333
9172987647
9205274011
9205437287
9210064692
9210064693
9212370163
9212475603
9213417159
9213881316
9215287748
9241194034
9250969501
9266573258
9268379193
9300819334
9304108240
9308545033
9310248929
9310382293
9310909560
9311669646
9311841037
9312481081
9312811446
9312906664
9313139541
9313204302
9313631793
9318348006
9330904989
9330907520
9334918256
9350007481
9350133741
9350372641
9350658774
9350868273
9354291168
9389742361
9430954687
9431285564
9431873952
9454936028
9461113754
9462797012
9466057097
