9341052586
9901080152
9945019681
9342179754
9900962742
9739865514
9741912431
9986026212
9916565669
9535185919
9845741988
9972888005
9538042465
9632319431
9880774652
9740162746
9740515416
9916516620
9945249752
9632076528
9986364537
9741990110
9886102717
9845869434
9886694764
9986297494
9986957401
9242233709
9740284319
9611239439
9845338520
9036530170
9177537998
9916498942
9632765000
9741109398
9972550241
9241769282
9731908854
9538313861
9480795986
9686575718
9611258282
9035198190
9743053814
9743197976
9632524000
9871021405
9739321572
9198910784
9945144485
9886649480
9731264004
9845912231
9342536840
9036358463
9986590776
9886857004
9880239684
9741580510
9845675259
9241727181
9731015878
9739976823
9742574559
9341554803
9342190248
9742767472
9900564582
9480017324
9844751595
9901121562
9632424553
9886394279
9844170586
9964988475
9620159623
9986486331
9986071288
9886361546
9480511967
9844117174
9972233473
9945520782
9480123994
9972863265
9945360321
9901515069
9900312091
9902815716
9663365967
9742781283
9986874513
9916831271
9036239513
9952158811
9611768115
9845599215
9886867988
9620344153
9916554386
9341237998
9611829340
9632277669
9972873000
9964499487
9886998718
9980453153
9916454368
9342598887
9743204282
9480489860
9880693858
9844406721
9844587049
9341853578
9731722818
9535225715
9972111900
9844265099
9986882775
9765989530
9886504235
9739809710
9481627185
9620211834
9901778881
9900742390
9341841203
9986009427
9379048249
9611833115
9886182583
9686033774
9901972997
9986067606
9632699915
9738213845
9894446644
9164058301
9845186384
9741192236
9845899205
9916350706
9663100119
9980493288
9986696615
9008181322
9849379787
9611102400
9448508308
9986746413
9292500647
9886680424
9632469920
9986031200
9341715377
9845661567
9481939255
9886430847
9341066473
9739184519
9964162356
9342004585
9740003254
9986114915
9986777176
9447945881
9986947901
9845922137
9008777062
9844407887
9008889948
9940777678
9844902068
9845550651
9480095021
9620070280
9986112579
9742271145
9900280448
9449121024
9886443727
9845472702
9611988834
9986817960
9731994849
9986578304
9739830387
9901011648
9845388511
9739498291
9632288116
9945713288
9742575585
9790120234
9972093814
9880834449
9740370617
9845596200
9341257186
9449472081
9886637200
9663366856
9986300459
9743752575
9449148099
9243083018
9745373006
9845368436
9480523943
9980928478
9886653645
9481477646
9986403983
9902070654
9481255283
9632455088
9880590097
9047008365
9446031658
9703233536
9916693004
9986417415
9241218871
9448211550
9481246526
9902007546
9343878738
9886355025
9663395911
9886623791
9880026774
9980069980
9972513006
9980368377
9916230869
9845977842
9886097851
9480344418
9590712196
9900210606
9945060374
9656091890
9880433489
9740058919
9916577287
9241055562
9844038912
9916713300
9845421254
9739745973
9036794894
9886486406
9895369393
9916390734
9448459755
9343177452
9916130315
9993850687
9449490994
9738465009
9886046389
9886565666
9902588474
9986072078
9880501005
9916743205
9886991191
9980700102
9543116464
9379096826
9886712749
9916058181
9900142111
9986146252
9916586041
9730147776
9844419860
9739150267
9611809727
9738385508
9611108511
9916135748
9972026195
9611227515
9632370000
9740368643
9845042811
9902625104
9945159973
9886707990
9986838207
9535021216
9535538977
9986022624
9880807357
9731099911
9611425337
9900107036
9739577599
9234567892
9742055506
9886534220
9986039219
9449725353
9611757757
9880819326
9611944755
9741744266
9019640158
9980034270
9008244006
9845330843
9663398190
9916471983
9902541485
9980044901
9900217340
9008485293
9731985254
9810110985
9663551951
9986493529
9379120203
9886845298
9731277999
9844548159
9900236570
9964425610
9844039201
9663395031
9886764104
9449850910
9986021127
9742804897
9886126386
9980596715
9916958896
9916231762
9620618260
9916475931
9964676355
9741002596
9986110546
9886850730
9900930707
9902472212
9000049649
9036239081
