9916220425
9341026995
9820337141
9343766012
9986033120
9742097704
9886782536
9341070207
9980855013
9788628275
9538225658
9886489972
9916322641
9886189168
9964666571
9845902294
9731044722
9343778410
9293747262
9742019765
9986902406
9980712694
9986411293
9986150827
9880508906
9535017100
9632693821
9449755063
9900805202
9900917910
9916958835
9663185819
9986865476
9742069418
9481250099
9986497599
9341072645
9902142441
9886063728
9740164044
9611227247
9980201161
9945770490
9611164006
9008760657
9916535766
9845915691
9739835601
9886260667
9538141001
9481131837
9880016762
9342671818
9789315122
9986890820
9448404884
9900129337
9880593330
9945129527
9481438362
9880276250
9019616157
9886612233
9886014805
9343563115
9611257408
9880826999
9452751433
9731544077
9972827878
9972766008
9739990337
9972400806
9731933336
9880699809
9341620911
9864151418
9845327272
9008854393
9886581646
9886689284
9342951527
9742055460
9243035953
9611840016
9746590148
9886592262
9916682162
9986878857
9242297218
9844484818
9481504872
9845719288
9341183734
9535024233
9986638208
9008611257
9886947370
9986596141
9590835170
9620310432
9845379925
9686694540
9980541734
9243401821
9900282828
9036611915
9900267386
9845229744
9535202065
9980004520
9945511220
9739865316
9480551372
9945398357
9036340891
9742350663
9448295228
9901972078
9986853177
9740469450
9945590530
9945737531
9743270211
9739125288
9945006374
9900659199
9902351586
9972130037
9611029754
9916003693
9739973502
9686085085
9008883518
9487718699
9742847179
9743001744
9986855540
9743433835
9004012051
9739848804
9742526805
9611777337
9052235505
9900731777
9980296098
9986262853
9986532811
9886794087
9611234342
9972915715
9986394909
9448723605
9972017920
9741029999
9886669479
9241748303
9945401802
9480703492
9945699002
9481206441
9945046092
9535223940
9916734545
9980084700
9743230716
9916662603
9535281791
9980458762
9886072060
9964967549
9739464833
9620959466
9964253068
9379772449
9902939068
9019218505
9986203473
9964153389
9620798750
9343483000
9743606723
9886514988
9739127506
9900924628
9916426150
9742504005
9611129118
9620215541
9535000984
9731766993
9945640303
9901973160
9980900688
9986158894
9632813969
9916468372
9036821634
9886069906
9902926240
9742223681
9902727883
9241248322
9886648491
9980542645
9739210203
9986913295
9886606708
9886110627
9844001288
9881202552
9916513506
9620902684
9980907565
9902236513
9738121782
9739906180
9632304040
9243463409
9844393037
9880843045
9945399358
9741005155
9964586260
9739865512
9845714466
9886775308
9481808877
9902956941
9480081134
9742578810
9036283321
9845259101
9731968005
9019594200
9845158648
9845579868
9945267036
9916555192
9964074662
9986777268
9972025882
9986258133
9986148476
9845469268
9742384070
9845811246
9740295473
9844846861
9980542126
9886334502
9964952365
9742055045
9480016358
9986049006
9964107824
9886210442
9620081384
9886019435
9980394061
9742096586
9740648335
9379491200
9620241002
9964541519
9972435478
9986161568
9663878385
9632320320
9980557087
9986015646
9916990726
9886796036
9632690449
9900602064
9916288428
9663384697
9632821832
9901666221
9243022076
9880688415
9740070771
9379192168
9886348094
9916309029
9449459307
9900879369
9986362850
9980323726
9481240224
9741432201
9008338590
9535216264
9743299152
9241051991
9845294297
9880178432
9731302101
9845189080
9742742973
9900266118
9880003706
9972519400
9986167634
9980211882
9964974776
9741956949
9739361501
9341268472
9945165275
9738279051
9620114307
9886712969
9972152994
9980024200
9980767404
9743024281
9916260890
9845237722
9986103883
9880316145
9632910087
9986009722
9986461623
9387477577
9741566778
9663016265
9986158950
9480334276
9900162335
9449227142
9743603879
9036416542
9964179255
9379894518
9342985878
9611216363
9945402619
9739625619
9845816527
9686234626
9341104282
9250830369
9902342851
9739458824
9379176509
9844577811
9901843265
9742204190
9964747844
