9008097136
9880421056
9916060851
9886504565
9980529295
9739796417
9742671604
9869370641
9620000403
9916848722
9946190689
9686606185
9886279368
9241675983
9740512574
9964793062
9916901415
9620922412
9972922899
9632730153
9986698846
9845793120
9986583125
9686319824
9535365702
9880643277
9900110289
9880989705
9486345396
9964535721
9916237276
9900838591
9886973033
9663384580
9972589104
9880121312
9381510931
9885878220
9830342047
9895706195
9901722699
9845050877
9972934231
9743451514
9902601633
9663172976
9164744347
9847846741
9845425511
9844027630
9886123564
9620717876
9343537751
9986640025
9901444321
9535101335
9845937870
9945035757
9742334731
9880293733
9611787595
9886443217
9980516574
9743033356
9945759959
9900303952
9632582662
9886209154
9886175550
9739464432
9845117944
9978283977
9844737909
9535541979
9620453698
9844411113
9916034436
9945144566
9742577083
9845138900
9731215170
9986503762
9845316138
9986816023
9611834342
9620423304
9886116206
9886042183
9886324380
9740778429
9884290656
9008092901
9535345151
9632821415
9886773962
9611922822
9986998402
9894862408
9945931365
9900105300
9448421148
9844795697
9740526704
9841920095
9716931299
9845459227
9964442690
9880382273
9902760543
9620208292
9362231668
9590332599
9740477752
9742047086
9036159046
9738221327
9243416607
9740150876
9740201813
9886173841
9845770394
9481417232
9423420296
9739683727
9449356074
9739057633
9886684010
9448171831
9611142400
9886765023
9945194848
9740389175
9964976940
9663398944
9480223243
9342599245
9901081105
9535145083
9886053206
9900260845
9972655400
9945602511
9590301539
9632533557
9740527685
9900279432
9916354451
9036635802
8025991351
9886371774
9986154065
9019034277
9972090051
9844055151
9449133061
9986053991
9980829968
9980203589
9914632337
9901454526
9916748196
9986067201
9019833401
9945195054
9480548156
9880875587
9741020671
9986364023
9916460993
9886910191
9916772422
9620953553
9901600399
9886503176
9741112364
9341489583
9098102781
9686621073
9740370397
9740631181
9916249447
9886673061
9008744808
9880720463
9902577112
9886036434
9972885396
9741010310
9611782861
9449505564
9964110990
9886276501
9740321824
9845657148
9310322882
9886152513
9844808926
9480243585
9916319829
9986517478
9980959381
9008133111
9590265540
9620316929
9449020213
9590190012
9902311822
9886045613
9986758605
9341341610
9739160610
9916267357
9902908721
9379404025
9986622805
9949957487
9880414815
9916159041
9880366408
9886301256
9731222311
9481771920
9980669451
9900381222
9739146015
9900811200
9916365665
9590321969
9448013620
9448553063
9486761476
9379009190
9604252206
9980540830
9986004039
9019033156
9901644281
9980370253
9620418832
9741235190
9663500880
9342934212
9900676802
9739797037
9945075855
9844897702
9481476435
9916713088
9901972642
9379682015
9880696658
9742799232
9036164324
9886490031
9986421556
9900930989
9986566812
9686454987
9449338289
9994119212
9786092563
9916961775
9742313201
9886426749
9036341729
