9927259811
9003641277
8095868052
9611840590
7055577856
8652073425
7899594691
9980675060
9678593084
6303881194
9871657739
8108429824
7618762267
9560142328
8108606577
9035280963
9579330650
9167717995
7995075038
6360460383
9873448936
8431267449
9739732980
9149367548
8792131979
9892737974
9871445994
7042792462
8296024112
9014862280
8978847858
9980095194
9827025565
9162663318
8660784408
8722148812
8975415038
7349409735
7899283225
8762451526
9353363633
9148264664
8586050853
9910615447
8296868381
7569182336
8368013085
8953638133
8779677817
8296321723
6303209165
9372646032
9462781225
7337318660
6303069500
9873500704
8252509006
9901968558
8815634382
9738180051
9972339711
9604565375
7302878781
7676837822
9739182170
9958683483
7982267586
8657260968
9386327816
8976139188
8688055647
9004721854
9627069936
7738998860
7892578927
8668006054
9619474688
9326024358
6366676326
9701155115
9880965963
8618028570
8693068373
9391385901
6303325835
8920044892
7715042523
8553597491
8788672120
8722479488
9372126638
8700959399
9686126036
8291667805
9076892973
9740082823
9960895552
9182956363
9083585050
8095340998
9667573678
8262890037
9353398053
8217627429
8073983238
8296586334
9398837693
6309430318
8692051986
7410140895
7208957123
8424883927
8390938145
9920834508
8296581536
8802524699
9945140238
8691872046
8970437723
7970883740
9353564747
9306428574
7576036381
9900636486
8879255419
7676590642
7219646425
6003399243
9538544316
6361265621
9019385282
9354553570
7353562582
9353424725
9307200508
9392789745
8787274453
9148121656
8286442160
9901302389
9052521457
8356830421
9742179346
8810691898
9389946329
6207743461
9326324428
8073547139
6281409051
7060312916
8766216941
8971987207
7039491231
9958294781
8810284513
7993014914
9113993664
8828089381
6366011078
9901428895
9019052025
9368348989
9164908552
8291629107
6300304445
7579360806
7503066123
9353671428
7899824391
9399413460
8356868574
9535183039
7738681126
8088853331
7039806330
9121961772
9606498343
7483308497
9580869606
7358876975
8879901218
7219169089
7400382132
7406416038
8923811264
9718732866
8883200101
9741552131
7021444490
8928064395
8971974061
7795416923
9347266290
7349617134
9606849655
8104865788
9901482095
6361242160
8688404899
6235770136
9152593203
7011818439
8104458630
9164496548
9561853425
9205773643
9353943480
7827801518
9902759237
9960088592
7348997582
8700792902
7428717881
7994101984
6379889803
9845268357
8178056514
8655507475
7503047804
7208500968
8971538530
9742441231
7259641538
6300416664
9740878331
7204135703
7208584244
9535914382
6361268951
6366616119
9121562790
9137721372
7989301354
9599204669
9480784345
9886224570
9110588335
9880958839
7619413534
9740333445
7619379304
8748095740
9930804272
8095012739
9225189677
9705632683
9867291598
9717191949
8390459073
7499308976
9986972530
8073875039
8595196641
8850247477
6360409268
8086028036
6281841268
9671383839
6364757181
9653419601
9346446314
8867682894
7559400911
7011356777
9137988183
7210402549
9899220388
9911302708
8522889442
9014737403
8828668024
9916299793
6386288904
8879884988
8879723683
8978469847
7019637609
7400314787
9606771552
9058787222
9058663220
9810447269
8057431314
7042165840
8700200928
9306377075
9632242364
9325298533
7337617068
9972550695
8088393818
9082672455
7719885495
8608126470
9391234742
8698717596
7703948126
9482402634
8920785877
9066159159
6264075430
9136818523
9353640244
9380655017
7483371860
9346135779
