9243036520
9743640935
9916550664
9945567428
9632323201
9448748871
9663301855
9886350478
9741029827
9964130904
9739074988
9620601498
9663300626
9845756267
9448811967
9901055686
9902326377
9986745111
9886050270
9964473283
9980199116
9916922490
8025538051
9448028690
9342106663
9008029195
9964111168
9480465571
9886241929
9886821814
9986767634
9980041392
9480303206
9742763479
9739368078
9980946156
9843150059
9742921599
9964486089
9961321004
9620211898
9779148487
9886782222
9916441357
9880663405
9900277644
9626756708
9740389733
9742266240
9428017719
9886917314
9916421894
9845041587
9908656156
9008678787
9966745004
9986942649
9660100425
9449248387
9986040399
9886034921
9886396545
9620437858
9861052006
9986839616
9449598089
9916129727
9243076032
9663166246
9844557687
9900200645
9731922355
9886724981
9886623070
9886068974
9844307756
9986422998
9886781546
9379037898
9886448459
9986402896
9993474160
9886265869
9886785433
9886934471
9620718000
9632800600
9945360601
9241742371
9844178088
9740524490
9886785122
9379197438
9741928984
9916676088
9739973389
9886802456
9742577526
9379802374
9900421744
9740542053
9902291879
9731938516
9972200175
9036283601
9972034637
9844551951
9480298020
9844669192
9945583697
9900442975
9740810400
9916579126
9886739952
9886335174
9611785501
9739314211
9986772550
9739851956
9663078080
9343610206
9019119387
9743365715
9972716882
9743054720
9678365364
9886799109
9663683552
9590714747
9632228522
9449145899
9271791943
9945088416
9632366661
9741402000
9739035169
9900808771
9632822822
9036092805
9900169610
9916248047
9916853300
9739797425
9880673038
9880325518
9343948106
9886435576
9880124172
9036138636
9902016305
9972358050
9902584504
9986860659
9242139385
9449940156
9964496868
9945477735
9036357427
9342503980
9742350998
9243081241
9986360387
9632452078
9743671750
9901287637
9663580808
9901331714
9731118487
9845258080
9886596838
9632723183
9986333126
9212441903
9986664597
9945582069
9741588445
9663388570
9743375446
9895664168
9900107104
9885612984
9379166729
9886151316
9944171596
9663798818
9886757005
9986892307
9480128831
9844879316
9739050773
9744888102
9382662334
9964582696
9980259045
9742915492
9307648229
9886270308
9743153603
9743223935
9617720182
9886110667
9945812262
9844256908
9738272108
9743328348
9738530932
9886436381
9448327689
9986266873
9343776484
9886703680
9742336196
9964231793
9986567958
9901500647
9845166098
9663378263
9845341350
9844207820
9901295893
9611840441
9886227880
9741600833
9900197502
9980063302
9916201221
9742335538
9611965656
9880008380
9886479562
9942782512
9481787832
9916060606
9916321778
9731021525
9342824472
9916858077
9945273990
9742503000
9886312992
9845079455
9972450714
9916219787
9738483089
9886351152
9742206757
9632733557
9945012286
9964432694
9535637611
9964584717
9964004912
9902084037
9986886337
9741288998
9945900622
9718088690
9886954881
9836490904
9731891995
9480259391
9844498429
9343252483
9243860930
9844055631
9916356854
9731207362
9901770887
9620000376
9342742369
9886725743
9986514371
9052962337
9964973560
9886171199
9844541478
9986702006
9742706810
9019731919
9686200663
9738118410
9739876369
9916164951
9945374233
9880296681
9945976512
9886043217
9320550609
9964306531
9956188730
9964478808
9916753529
9743192347
9731239873
9845748330
9886837736
9480521630
9620396746
9886331914
9481390787
9663266499
9342679569
9449477109
9019557349
9916920410
9986017280
9739049632
9008890510
9449834132
9886064624
9786248281
9945400933
9845782512
9008618794
9886076597
9740653235
9740359670
9844615922
9980097459
9980563981
9739854430
9902010848
9886420634
9964496925
9449591455
9663155799
9886062535
9945237360
9449119301
9916521215
9916738915
9342136573
9663672952
9008960077
9739922510
9379942173
9900204701
9740512229
9845190244
9019670693
9986750535
9916190471
9886263083
9916392066
9886298103
9663136202
9480779263
9632828583
9779212919
9886118851
