9891520888
9891612351
9891635881
9891938234
9892586682
9896012447
9899004544
9899028773
9899114914
9899131873
9899229482
9899294686
9899298470
9899354809
9899409297
9899510596
9899583385
9899607629
9899811893
9899839468
9899968484
9905356490
9909018186
9910046607
9910139557
9910206970
9910236894
9910241021
9910385982
9910386026
9910392505
9910438021
9910634190
9910932254
9911162542
9911278192
9911329941
9911364476
9911387849
9911777874
9911795140
9911798040
9911828345
9911942505
9916329307
9920114077
9920640088
9920778611
9930517500
9930600387
9931966047
9931973134
9934297704
9934499676
9934675696
9934792932
9934828943
9936421879
9939098339
9939191150
9939384607
9939719499
9948080498
9952337890
9953066235
9953246485
9953323329
9953392235
9953527185
9953591915
9953796801
9953820395
9953948300
9953950449
9955263969
9955957624
9958066486
9958096838
9958135739
9958141929
9958158082
9958221311
9958290561
9958297268
9958312284
9958360968
9958505950
9958850677
9958894205
9967291701
9968823240
9968922941
9971132314
9971181896
9971210039
9971271504
9971295404
9971373071
9971449552
9971461832
9971474210
9973241517
9986759292
9990096371
9990198071
9990381671
9990457564
9990511820
9990546549
9990548591
9990663150
9990712584
9990736906
9990750703
9999007766
9999076010
9999169838
9999224363
9999237485
9999271028
9999498163
9999711630
9999830592
9999832045
8291102360
6592384702
1142255405
1142255475
1143938409
1242332658
1244076363
1244076577
2035953995
2261374517
7011600426
7033025441
7061188529
7210954891
7250100194
7277820882
7289910451
7338449070
7488964917
7506716633
7503479993
7530916055
7665570949
7739140677
7720020445
7739279323
7838397537
7992281422
8002059759
8002871947
8010327534
8010483098
8076850851
8095181739
8130176478
8178700345
8238884292
8233367100
8278161192
8285856630
8298280402
8308342454
8368553583
8373900836
8471010822
8433181208
8447624852
8527023389
8527109446
8743025418
8769942527
8709226450
8744033069
8826469879
8826860707
8878977901
8882817484
8800140293
8800591960
8800664047
8802768048
8826115355
8826353424
8858115217
8858585043
8860513111
8860563432
8861960079
8970553095
9006194535
9015624076
9022224543
9035039993
9035803586
9135033910
9130163821
9167204262
9175282615
9199483397
9210003642
9212056798
9212497883
9212512550
9213023003
9310632057
9314228736
9350340138
9310678070
9311414391
9312217169
9350129048
9350234012
9350987070
9389279845
9416796168
9454417611
9430942405
9431000659
9466359708
9468007345
9473954030
9540273734
9560026388
9582869770
9587312643
9504702647
9540730407
9540955038
9540989972
9549657144
9560341432
9560955116
9599045418
9643949595
9650213519
9650986705
9654000530
9654116012
9654411999
9661109532
9661733351
9711777564
9771278990
9785694065
9711662236
9717955077
9718349741
9739288913
9769980984
9781704021
9810650408
9810712455
9811750658
9818109600
9820232826
9873414686
9891499203
9801856890
9810436847
9810523192
9810652016
9811047991
9811720008
9818533220
9820263781
9821333418
9852585609
9871297930
9871322514
9871563283
9875649168
9886436047
9886719965
9891063797
9891286107
9891320179
9891984763
9910655746
9942469314
9971753866
9989751660
9990753780
9901366716
9905180401
9910046947
9910165347
9910641513
9911994257
9923332329
9934471707
9934616708
9934991862
9939923371
9953994265
9958021525
9970422801
9971022446
9971106913
9990005511
9991004284
9999027632
9999496457
9999551666
9999727636
9999988065
1234567992
4071320458
6209408093
7011340086
7027566635
7045473872
7050700296
7079948064
7303259897
7349389206
7619947649
7903444503
7979775268
8076128788
8102259193
8130811652
8271180205
8477815052
8492852908
8709727410
8873043409
8802173472
8826340922
8860010086
8860334556
8941007674
8986240803
9012884546
9081003533
9164719944
9205189595
9205922928
9217165742
9263746326
9310008657
9312708203
9315725310
9358815762
9414464957
9430073720
9565616276
