9886164781
9449410299
9886857157
9985963955
9964777451
9845816558
9980077559
9663375676
9535533845
9620051122
9611855788
9902898866
9916867056
9886092190
9945191885
9844606261
9916955825
9886034204
9964335969
9880976028
9901736512
9945823734
9480051756
9731185184
9449752386
9036973780
9739606995
9964366419
9663695244
9900917659
9900204610
9449721995
9916207039
9845025348
9019498271
9880573311
9972808217
9742803846
9986107532
9663379749
9448938063
9449750472
9986863259
9916970419
9481190536
9986926914
9886002478
9986766948
9243077026
9945365255
9845796719
9886704128
9986031671
9008933790
9880043762
9980760672
9880322449
9972882596
9980280912
9243444949
9487882461
9620148401
9880651269
9342898003
9632224080
9538245386
9886125085
9844254590
9743120320
9986391436
9900129979
9342694270
9945226437
9916597586
9740367128
9739064874
9880953167
9845828864
9341172495
9964285070
9740841494
9741548965
9740957449
9740885917
9972851530
9742477207
9741755004
9742398518
9741390720
9886050401
9980922113
9845581465
9902547433
9535090440
9632415449
9964572733
9739314937
9449814818
9620936820
9916582889
9535252805
9388151886
9972219631
9886427282
9986379911
9886449531
9972103779
9611101628
9972879982
9611882538
9448966909
9008788609
9945444223
9449146474
9916100905
9901444884
9742171969
9844281179
9379095856
9739207342
9480584026
9880997187
9379045457
9880470393
9902339791
9740853385
9986058600
9900473963
9008306130
9739834372
9986144136
9740292025
9845434258
9620548860
9743286348
9739738485
9886755348
9986333687
9686511811
9880351810
9739448024
9343265482
9686138287
9916009944
9845381572
9611007242
9480264754
9901682909
9008007787
9972110517
9901016071
9740073634
9986708481
9986737414
9431555475
9632730289
9241777326
9620210814
9945375608
9901044537
9845768994
9731482972
9845811520
9481191483
9164546346
9740288771
9844322868
9886597287
9008633744
9886910072
9341899699
9379704520
9886121357
9972547680
9611435116
9980016548
9448536154
9611784482
9845208765
9900244128
9448031902
9611466746
9481206616
9742094073
9620081375
9886610869
9699614498
9964702611
9632146360
9986772159
9901441967
9916141991
9241786535
9845022120
9741595492
9620641461
9964047938
9886716760
9740988366
9632677532
9972525729
9986862727
9980890271
9742226712
9886135631
9944534351
9739916099
9845988183
9916046692
9242158281
9052320809
9844717170
9448688579
9686933107
9449729304
9620542766
9986863409
9632345376
9741926865
9880387126
9243433225
9886803324
9980013002
9663383215
9743181695
9980842680
9986883695
9886959949
9986422772
9880625306
9480190844
9886267324
9845906478
9739550455
9945076429
9902581301
9972088614
9739195453
9945390390
9902576346
9845464770
9742619217
9241079313
9972934157
9535578457
9036997978
9986717511
9972857542
9739839704
9663601322
9901025441
9972635957
9886628081
9972588667
9620937390
9945982640
9480218834
9742395181
9342642804
9611579339
9008783147
9901908484
9902266334
9916000950
9880543393
9900792394
9900306444
9986872510
9611665993
9742623000
9980096517
9663256256
9480210111
9743991904
9986668452
9945009429
9880696343
9739849091
9620271879
9632048074
9379001344
9945847659
9620212715
9986004098
9481203070
9742916867
9886789296
9739652533
9731600439
9738252293
9886112616
9535212434
9880790954
9916343737
9945253694
9008705466
9481905628
9611829682
9480710340
9449234881
9241979382
9036127366
9972651318
9242789908
9986010375
9916451851
9008759733
9886488155
9916836160
9986896630
9742278142
9964518551
9739266889
9980160530
9886352292
9845809853
9739960627
9341124536
9741665000
9980976161
9620185691
9741419207
9449465838
9611244268
9742813748
9739793537
9243133323
9844796028
9731169496
9844510788
9900117738
9243426764
9620959401
9986777109
9845570747
9916117343
9986991067
9379945018
9964080567
9611104820
9481043643
9538286324
9910077855
9886038689
9844475968
9739094309
9740080810
9880862096
9986000174
9341143355
