8528270631
7500930530
8999827178
7026229883
9653348484
9560672829
7406485857
9072249561
8105247536
7569956250
9665541398
8810299301
7022523388
7892616490
9997691101
9746695543
7276230510
7838644568
8857079986
9619730346
8868974978
7278082045
9611862941
7038369676
7483192582
9650547536
9540682108
8971402214
7618744525
9035780503
8602054287
6383889713
7534938713
8356008738
9833112595
7338432370
9380932066
9156144890
8291571860
9372920644
8970533090
6265217072
9910356178
7982890251
9355103472
9353172689
7975320738
9513028806
8074784154
7859804183
7022142067
9945981417
9503108070
9886608146
7318176182
7387505350
7021895804
8310932495
6300477402
9133836253
9731638567
8867820089
7483535551
9987250774
7022828068
9742405299
7899436666
9619475402
8700508593
9729971353
9844820092
9945209423
7408152247
8850363284
9686441457
7303047609
9370328409
6361444521
9513118191
8470871357
9990370668
8999276863
9148176168
7996997899
6360638429
9142637166
8851983148
8291477511
7338107263
7022528946
9619641732
8800749455
7057390055
8383848215
8135063694
9137935073
9833677228
8851248945
8880025467
9148077159
9968587757
9136295319
8073921220
9834127618
8197262766
6361722979
6362797007
9967069100
9900954084
8433718169
9686297983
8400177015
7015279633
6202070619
8296136693
9823229623
8689961244
7619421696
7738844215
9620417060
6281409054
9207411039
8433760263
6206503543
9627739383
8317323603
9050339494
9354232035
8657678795
7821007050
9082068240
8929693979
6363478232
9555280180
9322137133
9717321760
7338388991
6381089110
8700934281
9360230645
7206221529
7420865326
7406187362
7039698911
7065918723
8431399956
9315896015
9880868489
7889082357
8870602105
6238879891
8376030544
9372441297
9969875146
7303518668
9113905935
7558789474
9446516510
9902242278
6002161906
7204472588
8147898621
8892929386
9518362885
8088690296
9819047961
7304731870
8971079036
9350998838
8454856919
6369367060
7003462701
8073764897
8088952431
9148881580
8431839660
9980541892
7483087283
7039595280
9207299454
9845626515
7349458624
9076339331
8618427528
8317407521
9922288102
9619722198
8549007302
8618037060
9667274807
8097151277
9045470143
7795457890
6362296552
8722822414
9483106568
8277551575
9110603662
7057811055
9987712270
8951404551
7895520641
6235392995
8073982818
8504050647
9901574551
8850763426
7995906508
9326127932
7338028844
8217616765
7039313694
9535295502
8792037491
9741279778
8652215174
9372144546
9949127057
7065180368
8548880614
9867267633
8086928036
8368061774
8591267769
9513055086
7428863105
8217099362
7083818663
8882194019
9113245301
7045441432
6302728327
9567679245
8130080797
8050921208
9149071390
7678049849
7045312207
9353230939
7338149915
9110870084
8310322797
8928685727
8089137349
8825382025
9663204332
9536596405
9167887335
9880486613
9324545873
