8291152266
7080673053
7738840519
6299033565
9948560881
8779000160
8217812095
6302063074
9110676143
8971081109
9757144155
9819427665
8376932682
9594001167
9820553925
9193723955
7996266542
9739635297
9488340568
9354561606
9315594148
9773333471
9871311484
9663736672
8545827320
8070484802
9322688181
9591024207
9000326434
8652286482
8660822376
7780429707
7710965838
8147391077
6361987412
8861396882
7021479046
8590156136
8587939781
9540254293
7011236617
6363907100
9765555383
8951937929
9930038345
9820492537
8799792953
8454016036
8700541958
9986352778
9845261945
6361184687
9535310793
7982035156
9606807455
9137543227
7349704577
8368396018
9321667409
6366056208
8587983227
9052036663
8095369257
9821190845
9334172340
7780487272
8097565231
9816780136
9900927448
9816780236
7982743501
7678003744
8106976236
8700902846
8105182619
9346437052
6362682161
9702347971
9686867365
6364046469
8929980688
9175871033
8861612990
7455878448
7045309296
8961898938
8693073511
9560774580
9873144263
6201079040
9630236726
7989837757
6377617038
8660773544
9108282343
8884645684
8884223882
8882474876
9664012761
8296790911
8433685153
7701848522
9260304045
9886491230
7506113382
7406277454
9610702867
7875469434
9619189661
7624838536
9483042164
6361960815
8779671815
9930504418
8958008479
8655185668
9137511640
9101158081
9136835200
9619867518
7483386574
8689981588
7710944104
8792262081
7619245839
7703968850
8957606324
7021406374
8861344982
9557505671
9315799285
9897143432
9205327568
9468380100
8268949687
8450950179
9742857661
8610861062
9606296322
9193767057
8779603233
9004543124
6397805191
8553777197
9022879526
9082864379
8310548740
8197427828
9109699029
9318478973
9873941921
8076853971
9167335175
9699761275
8377040284
8588071426
9136807132
8369925058
8792322982
8291574083
8310566715
9711405038
7019142127
9082508854
8600173973
9391182660
6386461674
8882405346
9321445362
6360714452
9110210882
8700294927
8383804424
7024087762
7605944846
8076261837
9901433984
8879920828
7902971229
8296393319
9483678991
9699990591
9869380821
7503695507
9699801040
8197996037
7068931414
8050770018
7021942959
8851447116
9027560572
7678339555
8639006324
7019680076
9739612624
8618560989
9581683249
7982970380
8572944962
7398244138
8928946055
8700092608
8920635399
7827536639
6363562234
9911302041
8434059687
9482895610
9930714386
9535062715
9650288141
8147499355
9354581509
6362951568
8882040158
9136846211
7019998370
9560741784
9353445510
9311441908
7039988202
6363640415
7619112828
8108208039
8496903263
9967986402
8600842467
7011174203
7411677681
7676421561
8899654939
7353103843
9768883528
8924802948
9108094557
9653351528
9650962927
8210642058
9136305445
9503006681
7892706047
9972976655
8454855840
7283076079
9025148040
9555585890
7022193918
8105386758
9590403444
7347254689
