8310244516
8746828589
7406228507
7619411432
7349346975
9353221026
8123652130
8123416952
9110483199
9739915325
9108554979
8310643826
8197073699
7975983507
9148725136
7892745957
9886589110
7760478453
9535067036
9535278249
9845420001
8431441039
9182734085
7607751425
8892582863
9667934355
9594919735
9871600852
9390409203
9654084251
8792704308
8005812180
9837310319
7204269907
8217225928
8828060116
7975977943
8881700787
8971943211
8217673304
7676196648
7899456473
9986659950
6361699948
7739928128
9004169813
9821545287
8826065977
9676019099
9110496608
9916125918
7428033732
9711556280
7082160026
9899690948
7875284759
7972244119
8019987422
8108141671
8431293830
9819046186
7020120885
8591048529
9654026396
9739726068
8748098887
7588106342
9844864501
9496692344
9148761839
8053126822
7090122954
8970008125
9739861579
8447122957
9380082137
8104745426
9400997048
9949688021
9811515622
8928527611
9967499517
6361573318
9971674129
7829334605
7975369204
9008508471
8424010537
7700047870
6362593044
8197290901
9545757583
9497114777
8108149929
7259366651
9961741487
8660067118
8618550900
9768691304
7385819172
9193569700
8142085832
8088711039
9972924879
9535321708
9755003692
8123281825
8179917166
8828276769
7892492846
8318029533
9354052089
9058734677
9972554605
9457946776
9964205946
9536060682
9820932187
8283034686
8700302524
9945410890
9768160003
9080510141
8132027840
9620829256
9496679703
9353850854
6364210052
8307938166
9900559778
8296377284
7406786577
7011038854
9206306786
8707093610
9632228122
9108403724
7759092023
8123271972
8108910544
9643784386
7259072954
7483302348
6262528375
7892417249
9353318789
8151896902
7310744818
9321069095
9019948483
9653194467
6309869371
9137492214
8073200178
9360409442
8861461739
8818977774
8506064747
9731422684
9740070595
7676186242
7483816563
9036844474
9108291549
8448754214
7019594109
7775006135
7982345039
9130907684
9752119410
8076484214
9001317848
7038275653
8291765389
9084199502
7204134931
9880514247
9599433980
8287080244
9001261320
9108453818
7208783977
6300113182
8884171793
8447535534
8237026986
9867597695
9765421166
8838618205
9148291514
7264046622
6363955325
9315269165
9766485610
7827847207
7594016975
7829754759
9739997305
7989406395
9353301899
9319237320
9110436352
8555087469
8425815894
9811680241
7021834255
8073244977
8955699943
8496931272
7795004257
8217630948
7396510603
7042556420
8273534157
8178199603
8553356586
7349151168
9916228645
7892472096
9739255282
8296964756
9342420551
7800171691
9319500846
8971337095
9540922974
9970633442
8758276684
9110176165
9980121893
7006226896
8883366811
7302522821
8550880516
8867049587
7760146258
9673381401
6362676046
9502986985
9071584973
8855941142
9137977260
8369126918
6303541064
7385754481
7996647785
8951104695
8767515353
9967094510
8468921084
