9986494680
9986374436
9986042443
9449082333
9731970030
9686217007
9742328837
9986834540
9739066400
9786923105
9880388899
9008299766
9611982610
9986089643
9746937985
9886139004
9739183588
9886224233
9902853042
9845357787
9986043238
9379141123
9844443687
9845660725
9886566208
9743019528
9741115025
9741188545
9886424469
9886911791
9986646461
9886623021
9620214250
9886284763
9916489487
9789877606
9886396619
9945415391
9886681901
9886485251
9844884271
9986497762
9886797758
9242783457
9886896011
9945494775
9845591910
9986665687
9916733127
9986361721
9845170722
9880024706
9448799028
9886744214
9845233999
9886502458
9886103666
9945213787
9986031442
9902450971
9241791343
9739144953
9739961062
9900457580
9980289943
9743300681
9845889594
9980929467
9164083740
9886590419
9448853027
9423041688
9986706288
9986655213
9845447042
9741199788
9844602163
9972099972
9844759154
9243874012
9611132055
9964015190
9980152639
9945157879
9590791173
9945419053
9845429916
9740380380
9620279577
9886970633
9611779392
9739320605
9902058338
9342933245
9886688263
9790676455
9342899387
9916780650
9972528776
9916137249
9731040082
9900805551
9880222741
9342831181
9449245005
9980455776
9480449863
9620619317
9448971899
9901759134
9739802933
9972867169
9480508258
9986274136
9495081041
9342993231
9739643927
9739487445
9916519921
9886678558
9895397920
9742337360
9980063443
9986147318
9886334280
9711334321
9449751888
9964377493
9880262198
9742279864
9916136244
9964947416
9980455843
9341144344
9880337277
9740847379
9818837988
9980766011
9916029565
9902624292
9845965147
9739387338
9886382107
9900985159
9901723995
9986030563
9945931886
9951756671
9980483972
9844588026
9611325573
9980995480
9742837314
9437287551
9964140304
9980842061
9901666600
9379663706
9980863826
9742211706
9980599439
9886445871
9916482760
9886423122
9986314672
9902588713
9886095731
9866487593
9886729718
9738030010
9379131428
9901337489
9966018333
9844378169
9550265299
9945024886
9916897591
9886136464
9341636489
9902199446
9845731122
9916248523
9986921487
9739173717
9986233997
9480263792
9742109515
9632698956
9243010898
9986026864
9916052854
9341454518
9945024120
9382788549
9741240404
9964256881
9845032305
9886529934
9845325521
9620147264
9341145055
9884435022
9241679402
9449496046
9844616254
9964392309
9945611567
9986867149
9900653412
9886487132
9916292052
9449376403
9632451541
9731552421
9986921394
9980563628
9480516765
9880606670
9980836901
9742169480
9845604551
9742934784
9916434425
9886540924
9686000449
9945582197
9449784006
9886027344
9986120708
9620126324
9902401010
9008333900
9790931132
9886724691
9740357026
9880253515
9916952195
9743063891
9886644981
9916834220
9739514966
9886830906
9343799226
9986135744
9620124557
9844429821
9986068965
9980235652
9964619396
9739560172
9343148325
9901998089
9886479311
9986170302
9008242862
9980893021
9916310298
9986920384
9886279605
9964328566
9900925892
9663372604
9844080388
9739049027
9008476895
9964561986
9964075275
9844158384
9886327546
9916266762
9480184313
9741411282
9986464304
9742102878
9986713566
9620453002
9632699919
9886191408
9036127296
9449975229
9743485843
9740633922
9964260512
9900502284
9008527779
9844841768
9481809233
9343840056
9986066061
9986148729
9739863511
9900585236
9886537149
9902775282
9481472338
9916198082
9738211426
9986088998
9986185911
9980183544
9986978621
9972245752
9845161845
9916539896
9902064100
9449446300
9902479056
9985767416
9986885208
9901665552
9945850659
9986142544
9986829977
9886086323
9902948809
9964000045
9886001533
9620208664
9611408823
9975941705
9740051651
9986288418
9620073569
9986207899
9900233070
9886153883
9884707985
9741101822
9980854475
9886774409
9902240487
9379070903
9916764843
9902910642
9742352915
9008006635
9731451306
9986330688
9590729513
9036520770
9008338765
9739460533
9611785327
9901222599
9916097694
9845055549
9379265932
9620204418
9379198497
9945313319
