9620370078
9886380680
9916257219
9880085673
9986571165
9742388384
9964029487
9341461115
9902347095
9900230257
9972600774
9740946890
9845102209
9902061127
9886645275
9986068207
9886888684
9845727223
9886701245
9900518782
9379039838
9841030633
9243421225
9448494137
9964701635
9916347696
9986140765
9449027722
9845794309
9008006274
9741364511
9886526755
9341362751
9880970897
9741699515
9902527050
9844207885
9886144954
9243842224
9880244514
9986407453
9886624320
9980268148
9901649491
9886218537
9886123736
9620714597
9880148116
9844390924
9663383372
9008834637
9740260088
9480168200
9342567691
9844936026
9632453060
9886128117
9886993898
9986540600
9611666624
9844475035
9739896252
9980504778
9740319062
9731944192
9916257505
9986482347
9743746818
9742620395
9743753009
9632005050
9308038665
9740629403
9964427760
9663852209
9901225317
9342038112
9844687510
9886989898
9844841836
9986454608
9620160912
9731550872
9894317220
9880888072
9739677290
9008621227
9342756772
9739669198
9611909124
9008166276
9886836730
9342648219
9986210710
9880208516
9886331266
9611118205
9880083637
9632199833
9901900103
9310518733
9742139935
9945505516
9663399561
9886270648
9986411854
9480706114
9449472999
9945178397
9901527052
9480796702
9900525748
9980991687
9901889241
9632822320
9901059724
9844791967
9916950309
9972740292
9886861511
9980457818
9739034827
9886653571
9980570199
9901900271
9945377844
9844662971
9886056993
9901499229
9480012723
9632588668
9611807676
9449080149
9901454806
9847162823
9845650685
9980743772
9480233551
9886667473
9964199294
9986610660
9902030293
9986007539
9845174746
9481922211
9972855440
9986216188
9731126241
9900855885
9632824190
9986301679
9738128810
9902766440
9740372251
9970785651
9342501365
9886866805
9448011244
9986404204
9972401334
9844068081
9916870260
9845154325
9480008626
9611929777
9880633533
9845283919
9844076554
9880936865
9844538848
9243079692
9986430881
9902138564
9611976082
9745897923
9449705014
9741844655
9731764500
9480613108
9480405305
9900169900
9739722461
9845902861
9986424682
9731633698
9916681911
9900808809
9886451512
9986974745
9448271213
9663604660
9341551016
9008066146
9739048951
9886262237
9845288274
9880119200
9611978565
9995033530
9748536472
9844577701
9844414139
9886815294
9986924977
9009110810
9880645458
9480201756
9986928986
9343730117
9645252027
9886588130
9535073026
9986659980
9342340019
9916133749
9986736818
9663087851
9731981771
9900938126
9901297611
9986475581
9880544521
9939375182
9980593292
9972837141
9535346364
9964939049
9449722420
9620210298
9739270138
9980756484
9880972324
9480521186
9964668144
9945078912
9008276543
9481251685
9880630434
9896753456
9902764279
9663396436
9916897923
9740845932
9480018052
9916489615
9886623181
9708501007
9886274046
9886183082
9880149426
9845907081
9448824878
9964153143
9741991318
9535007203
9242829764
9880350243
9341125259
9972806676
9886866876
9632491808
9986717728
9880689341
9480235006
9880725965
9986549341
9343643004
9379335941
9740989870
9590854980
9379847944
9980993013
9886263290
9845478539
9980555646
9886714781
9611966555
9620257164
9845865373
9740055776
9480285927
9886408334
9990435795
9632592991
9742962825
9379946712
9008028860
9886094856
9880905955
9743060500
9663373898
9916484089
9945623077
9845546813
9916909449
9008307585
9916175991
9742189570
9986630403
9844969254
9741015830
9677995775
9742047214
9945474278
9449055451
9886550811
