9873637474
9873736884
9873788596
9873832656
9884091038
9885301964
9891189111
9891441033
9891564064
9891666527
9891849777
9891861235
9891882094
9891959367
9892396868
9899025601
9899034608
9899201514
9899915294
9899936262
9899987430
9910035854
9910072396
9910076669
9910356776
9910481678
9910485817
9910532247
9910668856
9910710176
9910711193
9910880697
9910896648
9910909485
9911183970
9911329332
9911666970
9911781195
9911796557
9911855436
9911926171
9911939545
9915262574
9920032080
9929001218
9930080628
9930665632
9931025591
9934488395
9934742179
9953103192
9953147699
9953157170
9953527184
9958020089
9958066485
9958106461
9958200057
9958293384
9958370425
9958682443
9958682458
9958920749
9961044346
9968379292
9968561319
9968632697
9968788964
9971018973
9971041365
9971124668
9971130168
9971339230
9971376420
9971690711
9971806252
9971991845
9984134544
9990031660
9990597106
9990827566
9990887861
9993723029
9999058603
9999113967
9999146578
9999203601
9999325248
9999375832
9999384237
9999384861
9999801345
9999802702
9999838275
9999935471
9999978468
9999987924
2544788892
9959822101
5453023381
#VALUE!
#VALUE!
7762479004
1149822116
1409247104
2242514673
6201633890
6202791692
6204715946
6205106011
6209362403
6299543146
6398417148
6399809079
7003377407
7004900076
7009057200
7011152619
7011382747
7011906977
7011916788
7014809226
7018162017
7021929850
7027284896
7033003224
7042383904
7042187056
7042322376
7042814120
7044064873
7045656863
7050787979
7053412082
7065410999
7065651051
7073745845
7079593431
7209204601
7217886181
7231071341
7255046671
7258049925
7300069291
7303450622
7337359873
7351737374
7352033144
7352928800
7366062564
7369984222
7418926746
7428660295
7448332988
7462887797
7479878134
7488034687
7493965948
7503650044
7599122116
7500335556
7503040687
7503348106
7507770186
7507857616
7546998989
7549017246
7549963322
7564981695
7619550174
7678663737
7739244986
7739977567
7782828307
7739025757
7760015201
7760088399
7786962382
7874708259
7827471155
7827540419
7827676081
7827712213
7838033798
7838869597
7857825196
7870012792
7872686911
7877697022
7891302987
7892285111
7903165859
7903773289
7909039936
7979027633
7979027633
7982754654
7908649752
7979762478
7988653486
7999999826
8033420401
8050459958
8084301389
8007903527
8008077282
8010063870
8010579060
8010614145
8010627255
8050232471
8059832830
8083667795
8097338996
8130895319
8130943719
8108007220
8126649273
8130012471
8130116057
8130226325
8130268325
8130672873
8142249933
8168836605
8178007525
8178405740
8178567720
8178710435
8178892193
8178909891
8197895832
8199914170
8209656695
8207687013
8210065617
8210776616
8210733443
8228957969
8233334583
8240243033
8240880238
8249878635
8271787979
8285812804
8287959829
8292357856
8294819201
8299405251
8368232493
8368025353
8368338734
8375049824
8375068304
8376928987
8383940057
8392958512
8471045776
8420934743
8447120924
8447296454
8447322195
8447620097
8448084035
8448246456
8448345215
8448380637
8448486205
8448896203
8454024567
8527490303
8527699086
8505938828
8505957875
8521318938
8522051599
8527799880
8540900111
8578875997
8585954574
8588032012
8588818369
8588872131
8595459857
8617033576
8651691759
8657606378
8797840776
8700064246
8700224343
8700681108
8722224879
8722423936
8744057835
8745010111
8766204703
8766353734
8777713691
8789174756
8789502661
8789680248
8792141458
8797016530
8800745359
8802292529
8873459671
8894348748
8800495187
8802106993
8802919003
8810354185
8825101559
8825166961
8826036709
8826349669
8826358989
8826367490
8826500903
8826701240
8826743316
8848019692
8850220741
8851051761
8860441567
8860704420
8860849464
8861053751
8877734804
8877777403
8882080303
8888822441
8898930105
8950701548
8920737028
8923382593
8929889433
8961613328
8975459443
9000200902
9006575849
9008721234
9038914631
9000541036
9004858689
9006019245
9006133323
9006540592
9008746356
9013496491
9015278649
