9620965728
9738409386
9916880715
9916479363
9945507720
9886196823
9964727252
9972630975
9972988234
9900231532
9741112191
9986484052
9739654277
9741103251
9932978683
9845235443
9845112212
9886378137
9342144929
9880907237
9739013941
9900446089
9845441210
9342186959
9243117266
9739625645
9845954448
9535206346
9886994814
9916723315
9886526638
9844112229
9739938535
9945065414
9743197348
9052835187
9901770663
9884109104
9945501984
9739731842
9242406216
9886697050
9590039241
9880977648
9611701000
9986065917
9986003154
9019644190
9632176455
9986319870
9902199857
9000501360
9448768782
9741660228
9741465631
9343061058
9900869326
9945458406
9343044643
9900222812
9379950344
9535554177
9971929494
9845880085
9980467615
9535235528
9848303600
9880000977
9880191937
9880407543
9880451381
9243044682
9447467580
9341226201
9036831642
9886272829
9742397169
9902020774
9241739525
9901504026
9740288885
9740600138
9699112427
9739548432
9535186330
9844301593
9738479199
9535196567
9986534053
9739202237
9844628829
9902926868
9886437232
9886500063
9844606142
9966440272
9741204040
9886082062
9480003645
9342658139
9964244503
9740150479
9008771208
9449439206
9901599111
9611784273
9739199198
9243052093
9663664675
9986843478
9880530974
9740403191
9342046111
9900806560
9611055170
9900809693
9900213795
9535519517
9844793480
9242036635
9916681760
9663879096
9901207921
9900235077
9845190145
9686571118
9790523606
9019890364
9590757009
9844772539
9916463827
9008272765
9902407575
9742847365
9980855579
9663373589
9902026860
9620735854
9008762334
9379856557
9449798430
9008281506
9430759134
9945682072
9741115908
9900496602
9611118763
9739847188
9886709348
9611031155
9742506241
9845974196
9986311924
9886038280
9980560084
9743322070
9686024717
9964518430
9480390520
9844825891
9940704959
9986952289
9986508717
9986265027
9538249344
9740011421
9986668787
9341787555
9844840730
9980516711
9343937158
9342164147
9880916992
9632087957
9886803884
9886288617
9916162697
9886485508
9886500051
9741877110
9164297235
9844616898
9916936534
9886619386
9964258575
9964657529
9035173643
9900951696
9916117357
9535350653
9663393984
9000950183
9845494570
9986371414
9019508065
9844165945
9743159211
9742351760
9986655677
9035151159
9243136042
9686594967
9036436436
9916624894
9886496909
9986512364
9886776544
9480002723
9900948801
9019682401
9845027456
9916549390
9844399539
9480016695
9590833457
9886099904
9845518785
9986558655
9008791808
9738205270
9886530059
9739117940
9964069833
9632111991
9741703537
9743037363
9480796057
9241097707
9945314862
9980795872
9886791156
9449496106
9948131328
9611391189
9945039626
9980588114
9739718875
9986416424
9916209756
9003976254
9945612373
9845720195
9880778240
9980999414
9620303084
9111111111
9449778826
9916937362
9449246429
9741795000
9632414900
9480166722
9995106516
9980465746
9972014763
9916099348
9379060626
9036215910
9019600113
9945183269
9790157184
9964133558
9036169905
9836966715
9590307656
