9886790525
9916560836
9611140515
9986075041
9886601368
9886250505
9845508765
9886552738
9886566300
9972849959
9740517058
9663678554
9986539564
9972452961
9620904400
9902296807
9916588162
9886290054
9900849718
9847253665
9972655044
9611578584
9986218498
9816685432
9986893908
9742140125
9008009955
9945302134
9916306362
9986185901
9886992113
9731422077
9972304307
9837156858
9902931854
9995066202
9741453820
9844366744
9449403288
9916102590
9449153671
9986456545
9880243221
9901433631
9964539086
9886232742
9964806010
9940098090
9988776655
9980593188
9964748758
9886141635
9379091914
9449355521
9900510338
9916249693
9986527696
9008029746
9980579397
9916926432
9986664780
9164270139
9844834569
9901295394
9740919239
9886497660
9739112345
9916035142
9901450046
9243088782
9880220753
9663398903
9845775421
9880500775
9449117858
9986264956
9845558378
9738213593
9243458832
9743170253
9986111158
9916886443
9844801216
9008144330
9886950616
9880953510
9343618999
9986034028
9986226290
9980151686
9739918524
9901917173
9480358017
9916855520
9886737987
9880216696
9986073525
9986337835
9845718160
9986697855
9900309985
9740874511
9886571976
9241735057
9884491840
9945939879
9611599533
9845981243
9343207717
9740427964
9886845281
9972857678
9243480677
9886752410
9342993302
9343196644
9620401213
9740738383
9341025179
9845418966
9945637980
9886780985
9845037171
9632499411
9742278352
9972164758
9620561714
9945216948
9743452269
9900252317
9740009032
9980471927
9980184472
9243188655
9980963733
9986525041
9611832242
9986201980
9886623060
9741299409
9952963696
9481109321
9741971822
9886421898
9740403000
9886581811
9845001578
9740008639
9343677858
9731322966
9980822036
9913349649
9986560778
9945405863
9886175072
9449890191
9449456406
9342829449
9241852580
9980232835
9900104304
9886629027
9486598172
9731052001
9916120570
9900195479
9731314111
9632299022
9901534496
9980185453
9620713717
9902763919
9986485804
9611327424
9343364526
9448117182
9739434072
9704720853
9620413884
9886260666
9632246030
9342506594
9964201259
9986212480
9741229610
9739146693
9980588044
9632126821
9880593500
9980856382
9900565588
9600079278
9425608939
9916426122
9844235970
9663308272
9945340640
9729088267
9900528830
9980351865
9902864030
9986479003
9663566519
9448794748
9901289583
9620252423
9945581319
9164266875
9845249695
9886016802
9886212296
9916521429
9739592057
9886433836
9703051976
9962536660
9741599018
9739445539
9740135359
9972214446
9740650432
9844729302
9880242994
9379027227
9886528904
9620641387
9739989986
9902929243
9242036810
9902414683
9379650237
9844098231
9972325131
9980568297
9986613117
9890425538
9964784086
9880167037
9845023414
9434718752
9845378911
9945394512
9986500726
9972311338
9873815120
9880360269
9964683380
9986557139
9731955466
9686182985
9632043563
9886491970
9742278249
9845048531
9341789685
9980910200
9242808855
9008755188
9449158780
9986211398
9341295642
9620552717
9900567990
9731176561
9620788359
9739462596
9916140834
9916713244
9845206761
9886887673
9902731218
9739982526
9844541705
9448034707
9343806476
9880366615
9901624890
9886066084
9611922418
9901455640
9964612063
9763709557
9739319466
9986716768
9884608813
9486190819
9620304698
9945001512
9738107627
9740369479
9902873729
9686267206
9663072787
9902782428
9742229724
9739391797
9880573744
9379609980
9845614254
9742273927
9663313680
9901839480
9886758210
9980989325
9611188227
9880390603
