8320225420
7093815549
7757883599
9080197839
9948981647
6369461041
6355947212
9088123674
9884277710
9790145662
9003219493
8789394211
7338964193
8754569805
9384269046
8185989955
7004865416
7358622629
9347695949
9962696947
9346024293
6383251713
9730049670
9307597073
8309436400
7276563063
7305615601
9662732984
9652224916
9791004249
8885029488
9940114597
7358480923
9404647781
7397350055
7670917301
9566217468
7780554214
9840641216
9629657725
9566101866
7358371920
7201039492
7721966704
9493603533
9767344774
8106972469
7003046538
8072538535
6383857075
9370060151
9081003096
9010384781
7708351416
8610230296
7093572629
7694869081
8583861127
9347910654
9748394306
8681888470
7038661994
7708963191
6382767830
7003702632
7439770612
9666110608
9790484903
7003024116
8825443371
8757027357
7395881582
8240022179
9952027732
7385143033
9790780664
9150925440
9941391054
7984923813
9879305051
9063581084
9121826711
7780742050
8056102063
7358741324
7489585198
9579942269
8220340699
8910891882
8220171119
9566170616
9664898607
7824019241
7003561143
9492648994
6356188094
7984446293
8939017903
6303284200
8925494009
7984905232
7397371100
8956169611
9561967018
9561367018
6358229268
9130545934
9731575443
7802817388
9328567992
9629842335
8428605838
9922259148
6382666466
6302254554
8839431054
9762784594
9674655358
7095533933
9328288425
7780551730
9836678397
9094201236
8096842706
7339070995
8374576408
9626329328
9182013604
7218490251
7093690420
8778384845
8600738457
9100271018
9182591841
9327693556
6352103622
8428359219
6305243584
9674880848
6379667660
9642767869
6379543493
9705116060
9505380605
8999962502
9003289543
8667688048
7020982976
7600636923
7596976619
7385710430
8777670334
9962366912
9700878387
9176732684
9038155709
7741065803
9422243268
7003974701
7036597403
8939712846
7767855614
9730664436
7040526648
9561925586
8999871404
8446561886
8240028378
9600163117
9176049686
7096054744
8610694814
9662595815
8080001951
7981659747
8999009837
7038052510
7448686636
7600566166
9099410067
9054503901
7498589599
8866686846
8160318603
9700155057
9595018238
9309741623
9791462179
7449165555
8610223698
8328185441
9600062161
9163523086
7995721569
9356241362
7397443391
8766520791
8464984775
7799501542
9313577207
7904597530
9940447201
9553593393
8155958481
9381351318
7821056088
7337347870
8420673746
7449212559
7038255747
9975437719
6383031824
8460010462
7794841930
9652330687
8777768824
7003183459
7092429458
8688290361
9346227370
9150242010
7780146543
8857000390
7600975665
8939669581
8825480057
7990969753
7997263741
9726168970
8790166221
8697762863
9789954660
6289044970
7010537964
7989861678
7305290824
6353127260
7439437628
8374538490
9087119260
9390026456
9618266644
7397227091
9391309131
7573010763
9841683095
8669103910
9505034125
9585731081
7995511472
8428656433
6281437086
9059950344
9172014344
9657291195
8328457483
9408823638
9444566580
9705558746
8682005362
9361948336
6382811244
6379492773
8879126235
6300321956
9398882953
8128354877
6353594654
9790957536
7559187081
8007535705
8978303267
9327178046
8610825254
7358325199
9940502078
8522946566
9832085510
7337582120
9941675247
9836530344
8074654080
9361153172
9600271999
9989084517
9677039566
9063558123
9171626064
9677169220
9677158518
8050962920
9176284954
9595071009
6383916872
8754634735
6353042766
7338924924
7802068675
9392576179
8919542927
9836727404
9962458139
8240367168
8074178614
8939341649
9133498353
7604960626
8056564048
7358223992
9677170962
6303936829
7550174890
6355044969
7075253102
9834518650
9948088097
9347963552
8806704041
6281403582
7621010717
7092947433
9177863184
7092555150
9677712203
9398210644
7003881244
9265254933
7036242586
9579341458
8790572336
9381549835
7358054612
8320218405
9787640007
9623429514
9962284298
9398843074
9025890501
8778892357
7447556447
8583002737
9940211376
9150762967
6381524938
9962747310
7395978570
9840675360
9390839143
8459127950
9834248345
