8368553582
8373900835
8471010821
8433181207
8447624851
8527023388
8527109445
8743025417
8769942526
8709226449
8744033068
8826469878
8826860706
8878977900
8882817483
8800140292
8800591959
8800664046
8802768047
8826115354
8826353423
8858115216
8858585042
8860513110
8860563431
8861960078
8970553094
9006194534
9015624075
9022224542
9035039992
9035803585
9135033909
9130163820
9167204261
9175282614
9199483396
9210003641
9212056797
9212497882
9212512549
9213023002
9310632056
9314228735
9350340137
9310678069
9311414390
9312217168
9350129047
9350234011
9350987069
9389279844
9416796167
9454417610
9430942404
9431000658
9466359707
9468007344
9473954029
9540273733
9560026387
9582869769
9587312642
9504702646
9540730406
9540955037
9540989971
9549657143
9560341431
9560955115
9599045417
9643949594
9650213518
9650986704
9654000529
9654116011
9654411998
9661109531
9661733350
9711777563
9771278989
9785694064
9711662235
9717955076
9718349740
9739288912
9769980983
9781704020
9810650407
9810712454
9811750657
9818109599
9820232825
9873414685
9891499202
9801856889
9810436846
9810523191
9810652015
9811047990
9811720007
9818533219
9820263780
9821333417
9852585608
9871297929
9871322513
9871563282
9875649167
9886436046
9886719964
9891063796
9891286106
9891320178
9891984762
9910655745
9942469313
9971753865
9989751659
9990753779
9901366715
9905180400
9910046946
9910165346
9910641512
9911994256
9923332328
9934471706
9934616707
9934991861
9939923370
9953994264
9958021524
9970422800
9971022445
9971106912
9990005510
9991004283
9999027631
9999496456
9999551665
9999727635
9999988064
1234567991
4071320457
6209408092
7011340085
7027566634
7045473871
7050700295
7079948063
7303259896
7349389205
7619947648
7903444502
7979775267
8076128787
8102259192
8130811651
8271180204
8477815051
8492852907
8709727409
8873043408
8802173471
8826340921
8860010085
8860334555
8941007673
8986240802
9012884545
9081003532
9164719943
9205189594
9205922927
9217165741
9263746325
9310008656
9312708202
9315725309
9358815761
9414464956
9430073719
9565616275
9582142685
9599384449
9650272324
9708651209
9711210117
9711549191
9716986291
9717544593
9728111529
9760747684
9811566827
9811588074
9871094280
9811681672
9818431511
9818477222
9891894437
9897411191
9897610438
9899971819
9931200807
9910124577
9953770670
9958716645
9971771630
9994833274
9334545304
6290314332
6290812108
6307855385
7004439413
7004532148
7004870805
7009171178
7011010007
7011120451
7011543831
7016454815
7042092251
7042112723
7053282465
7065174137
7255806127
7278729373
7352778640
7372006409
7559793292
7676602792
7739911152
7765015661
7838091305
7903214535
7906656950
7979027633
7979027633
7979785074
7982325778
7982327699
7982459515
7982687517
7995465465
8009265669
8076686829
8102453749
8140510034
8169948665
8171156212
8208023360
8218027702
8265861544
8269832412
8271371560
8287008585
8287164131
8287277213
8287926943
8291102359
8340199805
8340239975
8340534900
8377908259
8383904981
8420067378
8447694343
8448084020
8521360100
8527593065
8588961224
8595844734
8609161401
8617203697
8700609863
8700713962
8743871425
8750517288
8750553989
8789278432
8789527939
8800123125
8800313671
8800770168
8802529368
8826207177
8826942006
8851767967
8877806404
8896263494
8920046098
8920047756
9031932701
9076647401
9102142404
9113367555
9136234418
9199303657
9205400251
9210308812
9220239998
9262204466
9319303413
9334545304
9345530474
9430517459
9452444967
9453588432
9464318692
9470637814
9472054284
9472961333
9472961337
9473145929
9501473880
9503459066
9506411834
9525652825
9546381823
9546381823
9555195653
9560861132
9569540049
9582693160
9599560332
9599681056
9610956526
9628459167
9643254300
9650276857
9650619935
9650758825
9650924306
9661010737
9661215248
9675221739
9708073410
9711468498
9716438021
9717935568
9718519545
9718698911
9758034986
9784435098
9810660002
9810845497
9810927337
9811662645
9811961397
